9.274470430727159709e-01 -8.285110141231507574e-01
-1.249332545573197395e+00 1.801704505991446603e-01
-6.790953038202317549e-01 2.444259558389517972e-01
-9.840823753547239816e-01 1.104223270384693922e+00
8.258582477701001956e-01 -5.885963126519705435e-01
7.557816863819057929e-01 -3.604397822405117080e-01
7.671534249834888186e-01 -3.894583096487906348e-01
-1.130081966957587891e-01 -7.138449417338588177e-02
-2.632719734125221756e-01 -4.173429696734670680e-02
-1.066794975949671986e+00 1.193264744115563492e+00
1.057787788339279889e+00 -1.246173863425093398e+00
6.210289145138192524e-01 1.269362205011994871e-01
-7.544849741976613622e-01 4.987999367101992321e-01
-1.426484525151383131e+00 -2.053385444060672693e+00
-7.281216178840808073e-01 2.047722577303591196e-01
-4.636665034730784729e-01 1.883356369808686370e-03
-1.519908776976138798e+00 -3.346341105822903561e+00
1.307405385228371575e+00 7.349681259097901043e-01
-5.031835398178003960e-01 1.149426004969328341e-02
-1.247374112704301652e+00 2.150536802302754902e-01
8.911821847370271499e-03 6.062039452018979507e-02
6.762502622100927674e-01 -1.907742519757502919e-01
-6.778815423653541394e-01 1.863413123051770870e-01
-9.672478748210542321e-01 8.808238215207604416e-01
4.818629009869717095e-01 2.723997933339149524e-01
-6.143533604893981481e-01 2.037409820175646244e-02
5.831103909941171004e-01 2.125237838102571608e-01
-3.957650818788536196e-01 1.760627318165619570e-02
5.631784949252471861e-01 -3.402857747501421004e-01
-1.264744615382509707e+00 5.576056316878172381e-02
-1.268551123999921426e+00 -1.627114838129072594e-01
1.328986590921857669e+00 6.856741010403540892e-01
-1.433592443817856887e+00 -2.464309392876034455e+00
1.440610245801871692e+00 2.022439496039784679e+00
6.893505761087599382e-01 -4.062435894586715612e-01
-8.797071254733299650e-01 9.792129288374396001e-01
-5.112238393275727599e-01 -1.762420268776327403e-01
1.283207269528436001e+00 4.496193324977985628e-01
-6.864826146776654703e-01 5.254730446239261332e-02
7.350543396326254530e-01 -1.424135741027803270e-01
-2.379217834745090965e-01 2.960550165946145007e-02
3.258011566243739221e-01 2.215288417136495602e-01
7.171870283630092935e-01 -1.373817143504610372e-01
1.348651653865891031e+00 1.220218704695149814e+00
1.520675773427190069e+00 3.569196939627995224e+00
1.021934629322675203e+00 -9.973949439098137582e-01
4.333811537652652035e-01 2.677606844066177105e-02
-2.781744492343765085e-01 5.340860362855116839e-02
-1.367100501090246611e+00 -1.278443834981672023e+00
4.167743837607242874e-01 2.656019200031010108e-01
1.034512385033981019e-01 8.518930711937894307e-02
-6.354446029186269218e-01 -7.921404307332403916e-02
-1.002808385566929861e+00 1.267185618196748909e+00
1.283090750103703215e+00 3.173541732278558070e-01
-7.256221033017575817e-01 3.695294521904483598e-01
5.198363549963791463e-01 -1.440459794059019694e-01
1.400727638194110281e-01 9.551336663131049232e-02
1.394453977587798210e+00 1.910732134095059376e+00
4.836753103393633957e-01 2.740296769481914696e-01
-1.624243455375362633e-01 7.291964671371332918e-02
-1.445621735816304820e+00 -2.400490983102640641e+00
8.188415473169508019e-01 -5.734232440611944925e-01
1.329971086618866316e-01 6.147102798902841225e-02
9.460200444642330453e-01 -1.023735625992283182e+00
-6.828224494885315465e-02 -3.868961365046544865e-01
3.338200103354580506e-01 -2.203226994544415507e-01
-1.404769173569350826e+00 -1.976949364660372632e+00
-1.461787426660516420e+00 -2.649679624521871446e+00
2.304201663992031524e-01 9.793968100416997058e-02
-6.590358479524318636e-01 4.505952401562583753e-02
-8.406768890243587755e-01 7.730730663636162792e-01
1.560473026935767393e+00 3.909379620624204410e+00
-1.411994815658521141e+00 -2.143141530777261217e+00
8.721340535448440789e-02 -5.291761577620592710e-02
-1.487652758054018198e+00 -2.890843175181818658e+00
-9.162299273726913773e-01 1.042057337388827332e+00
1.001503758442605641e+00 -1.032060423505664293e+00
-1.242550631164499153e+00 3.427361634447159688e-02
-2.608753996427946031e-01 -1.814844066069114248e-02
1.263903389263759003e+00 1.240984036266364193e-01
1.038649029548075919e+00 -1.073082765709765685e+00
-9.209244632431223820e-03 1.328994660901254218e-02
-1.378669981379243570e-01 1.466372298658751849e-01
-1.540104378454808520e+00 -3.669731977307970183e+00
6.669181575869509437e-01 -6.315171777934440456e-02
3.205391171505431736e-01 -2.328428194370762983e-03
4.596963159172684499e-03 1.018180323605093474e-01
9.467222630764684510e-01 -1.026274707663977992e+00
1.429579688729054610e+00 2.259165515233745314e+00
6.094335676226347864e-01 -7.726941561612113429e-02
-2.656923344773516327e-01 -1.845901334261053350e-02
1.302192804535324377e+00 6.005201784598080961e-01
-1.482918207219609652e+00 -2.848525225318149445e+00
-5.958357301347756430e-01 5.280248323648864539e-02
9.883105179957669684e-01 -1.142477802393288222e+00
-3.710737640393209080e-01 -8.320015299845356926e-03
-1.141064185649193430e+00 5.862983808560315868e-01
-1.115312254898376931e+00 1.026024527948195875e+00
-1.149413918263560541e+00 9.706262532173884905e-01
-1.471939468582218913e+00 -3.194749506788279625e+00
-5.172315627676571381e-02 1.184126342138857868e-01
-1.434368621816943801e+00 -2.150958831824593798e+00
5.667915380754489085e-01 2.487222598811414664e-01
1.423518772618740602e+00 2.240673098068892699e+00
-3.137738387408715024e-01 -3.317329367856916567e-01
-9.491237036861254195e-01 1.198551512952898968e+00
-1.495603180174643887e+00 -3.253054552521498888e+00
-8.143153258946700390e-01 7.523609434195851486e-01
1.330131436832151071e+00 1.012649109535421310e+00
1.442026128928372231e+00 2.197914064119204536e+00
-7.829191941088822215e-01 6.112765263446732211e-01
-1.527710984445108000e+00 -3.349077109367825766e+00
-7.820241670836204362e-01 2.947533812768893258e-01
-1.485510228870773553e+00 -2.953029073939778204e+00
9.695795071698998235e-01 -9.643579188644039180e-01
-6.700493957443444115e-01 2.317270823797797918e-01
-1.157681276443955465e+00 6.435360342148809254e-01
-9.701476828360555693e-02 -2.216119663067929804e-02
7.744534894176515749e-01 -3.145854782691889229e-01
-1.248754602939309066e+00 4.238262544165216639e-02
6.844924229278350758e-01 -5.401697304348748729e-02
-9.562855451710985388e-01 1.124264635113176425e+00
5.252046676573196571e-01 1.206072838680525561e-01
-3.619223817233045981e-01 9.365502239657930161e-03
7.175475123236125796e-01 -1.315204273210651420e-01
1.224693808686287966e-01 1.465180419562900349e-01
-3.037973056660088211e-01 -6.896879595182385525e-02
-5.178892536386199286e-01 -3.358598034431968804e-01
-1.360255194166198445e+00 -1.397809743067663035e+00
4.876598124958855252e-01 3.213728466477158152e-01
-8.538257800647852669e-02 1.127677069878579436e-01
9.078769593597004750e-01 -8.323307956336210012e-01
8.070287536809184203e-01 -4.362637852268754779e-01
-6.969533238468754721e-01 1.927535532743511748e-01
-4.141607744390873869e-01 -3.411815210246140762e-01
-7.045259678811270909e-01 1.151657387596739524e-01
-1.417122812517495056e+00 -2.386347771805572116e+00
1.289391739314145635e+00 4.046622584082099072e-01
6.542993558263394682e-01 -2.124347677223250436e-02
-3.390149207688550881e-01 -2.859789031071829357e-01
-1.239554648013204474e+00 7.007157631781613105e-03
-3.521372446822483848e-01 -3.099146279982069319e-02
1.490327713863092818e+00 3.195378268367716323e+00
1.311131121499977681e+00 7.799220353239939563e-01
-1.524722574842249712e+00 -3.431997384284389607e+00
-1.364936556457237549e+00 -1.236470940782191219e+00
-5.999071962905229149e-01 2.852602028086125702e-02
-1.198147475097811387e+00 6.220762786837898961e-01
-2.150400300126633635e-01 -3.742414897320741618e-01
-3.865775954215047161e-01 -6.240897511450946289e-02
7.870923451665849946e-01 -3.538631134181944859e-01
3.100703006134044593e-01 1.216729609205664669e-01
7.613028108619759315e-01 -3.271845901753835384e-01
4.547513422238345093e-01 2.728445595491537645e-01
1.016024654971597219e+00 -1.238233955634233219e+00
4.826858786771106580e-01 2.103733921182694144e-01
1.062785140422502828e+00 -1.039713132344378010e+00
-1.376623551298286063e-01 1.840866039953936023e-03
4.939577633993401662e-01 -2.435374507251205078e-01
-6.327138081589933627e-02 -1.570635314553880113e-01
-5.935432770646500433e-01 -1.862454570277319865e-01
-1.007943801601631328e+00 8.760499538118807772e-01
-7.418282591932785497e-01 4.520555953433261775e-01
-5.530188490071812346e-01 -3.120923142782415782e-01
-2.748196891283496424e-01 -1.982380855517240359e-01
1.282768242403920400e+00 4.426250339473755679e-01
7.579416853098805973e-01 -2.903520086362809671e-01
-2.244302796762482899e-01 -4.014986793751872951e-01
9.014060584464509418e-01 -8.033162272375439228e-01
1.295000486787933003e+00 5.577034027745706446e-01
8.207083600990277006e-01 -5.030911587458168910e-01
8.927583861156738188e-01 -7.260490893730481288e-01
1.436909925298170521e+00 2.488282652982935605e+00
-1.530212468697889516e+00 -3.685194043704364208e+00
-1.098578951153058814e+00 1.171552981879475652e+00
5.841957320825117428e-01 -1.394106927896517911e-01
1.230224745485479332e+00 -1.848529997502566524e-01
4.116990313032125037e-01 2.333667498835016174e-01
5.860729452149318064e-01 -1.241768343747354231e-03
1.056730019022801503e+00 -1.074249733946416985e+00
1.544571251596495554e+00 3.782943328691194651e+00
1.252724956777853560e+00 -9.857130712772144143e-02
9.100638212203020494e-01 -1.136284774388466756e+00
-6.148382626261558181e-01 -4.496777674613621628e-02
-1.513042754370881315e-01 9.613755798883227843e-02
-9.013877723738777936e-01 1.073007886717035841e+00
-1.281713549518563866e-01 7.026369143652526350e-02
2.303356579291229167e-01 2.087464631687268590e-01
7.200508552311783994e-01 -1.486793520987220174e-01
3.286200052279499850e-01 -4.295095566602157300e-01
-7.041341927016230295e-01 2.671814004052188718e-01
1.291876142213968848e+00 4.463136374199694889e-01
-9.914828519708956955e-01 1.139949549024571240e+00
-8.819647189107516772e-01 9.941726219965844047e-01
9.793354876518023389e-02 2.644144573386965347e-02
8.560005986424901181e-01 -5.954741123192316410e-01
3.798159349249696781e-02 -4.723072445995716434e-02
1.023971164361880071e+00 -1.173424229308117184e+00
6.381451506584556732e-02 -7.400607048211928218e-02
-1.420083225500385460e+00 -2.114092107084152072e+00
1.375129448494127882e+00 1.259920270261592146e+00
-1.048224824377693487e+00 1.278570196803685111e+00
6.191160068675944927e-01 1.312887595266966356e-01
6.303735654750957096e-01 -5.677940107435965750e-02
1.454584916743933753e+00 2.577754665992243233e+00
1.094072587591530255e+00 -1.053837622405679131e+00
-5.502625968686625235e-01 -5.257510088898834644e-01
9.073922403093135358e-01 -1.256053389124199393e+00
-4.691705328124049501e-01 -3.808987241601776708e-01
-1.491692050859116270e+00 -2.979376270468839571e+00
4.221481256552932493e-01 1.824713036025334689e-01
1.196915236990558018e+00 -7.020966587728237895e-01
-1.339788576466351966e-01 -2.725950743963743983e-02
1.205019609800308533e+00 -4.794638481414101872e-01
1.145087730337982723e+00 -7.775437658425037313e-01
9.298778167743080303e-01 -1.584626187982419054e+00
8.548342580808760971e-01 -9.597634210287094847e-01
-4.575356418321483432e-01 -5.570434571351312592e-02
-1.558292224704078022e+00 -3.718305786475891939e+00
1.207740374792846350e+00 -3.195491466984849427e-01
1.159057845647853302e+00 -6.756208507292648102e-01
3.991008866274032840e-01 2.794280992547009124e-01
-1.567991333724172431e-01 -4.129032327476850339e-01
3.333497945879670965e-03 2.819778427596495579e-02
7.814542291069077606e-01 -4.741398221561117232e-01
7.601487433229618951e-01 -5.354267135489234608e-01
4.309454958850822415e-01 2.570705861133479320e-01
-1.178043971537792611e+00 5.923003570361891068e-01
-1.548626367262996961e+00 -3.732373945882429211e+00
-2.988096149875709706e-01 8.261247817950775896e-03
2.934601903929152655e-01 -1.271512253770793466e-01
-1.392955533389176770e+00 -1.634646801993885568e+00
1.027021125427997728e+00 -9.878386967287493547e-01
-5.866637907687596298e-01 -1.096017295998292784e-01
2.481206328746177192e-02 1.170023377332937847e-01
7.981291928109257583e-01 -5.922033525541933185e-01
1.331435953615071721e+00 5.862614118624780435e-01
1.119982597614775699e+00 -9.386914881480991069e-01
1.323384627794346180e+00 9.247276270931061859e-01
-7.667512445008626276e-01 5.755884378193936168e-01
9.733203212894583345e-01 -1.414644782387337596e+00
-9.374851330349693868e-01 9.882135061867468595e-01
1.517794782176001611e+00 3.377381734937665136e+00
-1.342661840681778962e+00 -8.985939027139070445e-01
9.886492253295013910e-01 -1.048926080268222760e+00
-4.137864627816911778e-02 -3.525504692400643347e-01
-1.358997474965153662e+00 -1.225167473418887987e+00
-9.148582790987723756e-01 9.852505051856939033e-01
-8.414207043054030555e-01 8.641465312720324476e-01
3.685369754076428528e-02 1.579668583482998490e-01
1.083378521999365685e+00 -1.144568079494356905e+00
-1.361747799809596593e+00 -1.163604336139461681e+00
6.258762419683336908e-01 -1.863530666388036328e-01
-1.225922063238701343e+00 3.962155603727000042e-01
1.512522995948097915e+00 3.440334998234185981e+00
1.446422308599103701e+00 2.492892530462869516e+00
-1.096952007258168216e+00 1.074909838148708996e+00
-2.431157041444917954e-01 5.688331687447815976e-02
-6.731609904390600807e-01 2.499309678358724307e-01
-1.471739485939025815e+00 -2.715039686138394970e+00
8.556729212169309484e-01 -6.681144321742685799e-01
1.461327598766966052e-01 -5.364407819997217830e-01
-5.199383524679599411e-01 -5.912073333956727739e-01
1.075552490212735357e+00 -1.219176926423549023e+00
2.432452585718487548e-01 1.662127130123183250e-01
-3.145134908654141359e-01 -1.395782114133876928e-02
-9.187379370275978729e-01 1.097052162936408726e+00
-1.476399739514880460e+00 -2.873040587008520497e+00
-1.323062202742782523e+00 -1.011095222181479514e+00
9.028502207423860781e-01 -8.009397135950973023e-01
-1.559931530150045154e+00 -3.659505785968233837e+00
-7.000301695317809880e-01 1.768014830986390507e-01
-1.481192063804041448e+00 -2.786984248510003148e+00
1.014502252807959692e+00 -1.192355292403345590e+00
2.653187191909327503e-01 2.773525235657303689e-02
-1.067078727532819737e-01 1.013107451149347915e-01
-1.497365193898384073e+00 -3.167355561711117762e+00
-5.571017877850392708e-02 9.590418149278492899e-02
-1.516663084117771954e+00 -3.306876153168521348e+00
4.021009865009927964e-01 1.313273732716045139e-01
-5.252872162599537820e-01 -5.541115926275568260e-01
-1.207510140826276279e+00 3.905374486692564928e-01
-8.080665278964269671e-01 2.734548233061611100e-01
8.546649784373250291e-01 -6.644733182690900630e-01
-1.201985235797720319e+00 4.481010029342995526e-01
9.077298077230113726e-01 -8.501613017810557560e-01
-6.895856937310984591e-02 1.161611919501514545e-01
1.142008321312055319e+00 -9.801107997881304268e-01
-5.232712193277886392e-01 -9.644638464338048389e-02
7.601179334630270290e-02 -3.541130639161502863e-02
1.324140610902063919e+00 8.584598664993876582e-01
1.541533877051662671e+00 3.730535594656707143e+00
-6.242898876365665650e-01 -1.610500530243884065e-01
3.082019781530662694e-01 2.081821836617684940e-01
1.031814591177445006e+00 -1.072603823908366838e+00
-1.549084804769691459e-01 -6.809838011121231022e-03
-1.568833226604670061e+00 -3.898585939172924064e+00
3.878264597159359894e-01 2.750881882493603214e-01
-2.297125518245071163e-01 -2.203031394919834629e-01
-1.541016430549279059e+00 -3.561669941451994337e+00
4.095942680870672259e-01 2.765348815607284183e-01
4.906885930907152193e-01 -1.770785493529704047e-01
-1.569444099415341132e+00 -3.938157601697813259e+00
2.698674107868439531e-01 2.301922517420648684e-01
-1.057907033086496140e+00 1.112190364551668420e+00
-1.775057368550458925e-01 1.015555530866936451e-01
1.742042336966038718e-01 3.275842285851993108e-02
-4.703760581254834428e-01 -5.104414583816722084e-01
4.791141266244007824e-01 2.061194596773917032e-01
1.032664216082724185e+00 -1.148134873027268021e+00
-1.256010879360557775e+00 -1.716497808441822259e-01
-6.773025067405693544e-01 2.297293462395592345e-01
-1.009680715907625981e-01 1.060312083816458278e-01
1.508955038950625660e+00 3.337965774468920621e+00
-2.450520564445524130e-01 1.026538726791086098e-01
-1.052640660387785587e+00 1.123507231328336520e+00
1.540371049307045936e+00 3.337245244748336059e+00
-9.862224287851626414e-01 1.091648598932585035e+00
3.620357992174962902e-01 1.179569474149520791e-01
1.492506054216561129e+00 2.714674126554171174e+00
1.364407729545293879e-01 -1.761609792054160684e-01
-9.417947509480139034e-01 1.134046948372762209e+00
-1.207104334977711080e+00 5.520986936420246849e-01
4.074578871030529736e-01 2.264874716355393947e-01
1.356970240930994720e+00 1.119286217549812612e+00
1.331691864363354405e+00 1.041532149508606286e+00
2.746368834164436556e-02 -1.041720009418554693e-01
1.305724195058544534e+00 6.977641512177498173e-01
1.562752228583805802e+00 3.549931029277726857e+00
7.553787748669784641e-01 -3.043001166459264328e-01
-1.564922415328401817e+00 -3.691333292702938529e+00
1.552854035257926757e-01 1.549212750376487424e-01
-9.249495416692872229e-01 1.073346811925966815e+00
1.041792862952013454e+00 -9.914647219405039458e-01
3.321733374080775292e-01 -2.722275562765122392e-01
1.467632228426267282e+00 2.829142803614343560e+00
1.362378216598474356e+00 1.205973444459572219e+00
-1.085999633420510424e+00 1.212569687314744016e+00
-1.570303950308632235e+00 -3.794816671735452562e+00
7.081522702976177364e-01 -1.785753932741538375e-01
-1.357607742436806708e+00 -1.140829743287632869e+00
2.880511448049360990e-01 2.010716336743435528e-01
7.334427467650455057e-01 -2.088614235769959415e-01
-5.469277017292191179e-01 -5.095471545474581365e-01
-7.760400876444476514e-01 5.030183888299843975e-01
3.286179606768107053e-01 -2.888387685072096311e-01
1.507214204249581524e+00 3.384470697949102380e+00
-2.923958219328701702e-01 -1.942244864586448461e-01
-5.694106416162441064e-01 -3.399293879098644888e-01
5.592099759163340345e-01 2.641236990718893729e-01
-6.568584293863567458e-01 3.652136805477150527e-02
-1.354840163690890886e+00 -1.140960270266496490e+00
1.022907333997863599e+00 -1.150431227716861793e+00
-9.468146502647872831e-01 1.188959028343695934e+00
-3.905501557534112322e-01 -5.818640029880564057e-01
1.025766662317283195e+00 -1.011067421289995938e+00
-1.050172275705532066e-01 1.053949535345839461e-01
1.186601588804941709e+00 -5.447213035765458011e-01
-1.112686136299643191e+00 1.150951975792059212e+00
-7.666829744420604609e-01 5.247136473559528280e-01
-6.169190241726325574e-01 1.229101318708452628e-01
3.655788658172514083e-01 8.825593343568596816e-02
-2.428018515819916345e-01 6.641161631422934364e-03
6.298630902572779355e-01 -1.218911138707749336e-01
-8.979441162538855936e-01 9.515993171483597690e-01
1.676069416248033850e-01 -1.115031647545664528e-01
6.364365582985596070e-01 4.600556573779530228e-02
-1.065785279168955935e+00 9.917978334719506073e-01
9.450101667911465775e-01 -1.012644003825572625e+00
-1.275866228927927004e+00 -6.845574257478062585e-02
-1.009843947987993484e+00 9.360785740111641218e-01
-5.619737591232141227e-01 -4.211055271281703982e-01
-2.901242614543584342e-01 7.106279366341987369e-02
-8.629404198987736807e-01 7.970800314886343774e-01
-7.712754452110304193e-02 -4.277016801197674467e-01
-6.505747489026093566e-01 1.320444061003318292e-01
1.006247365651478987e+00 -1.042372858658875856e+00
8.263830929997020291e-01 -6.842420681273853056e-01
1.044940620526576769e+00 -9.831810498794791853e-01
-8.875911035725247977e-02 -1.081763215085801838e-01
7.775757190620815607e-01 -3.629052656572509528e-01
-8.629968700841914586e-01 7.397019680678544873e-01
2.825276293211265166e-01 2.828095996292347147e-02
1.214377718765183634e+00 -3.254717240325318839e-01
9.366095499853677175e-01 -8.846442762058552844e-01
-1.372782874667177744e+00 -1.508759997675630515e+00
1.563829375401163180e+00 3.802998460490653709e+00
1.487204720235529631e+00 3.006726109114580492e+00
-2.883310696758210057e-01 -2.645964739299122570e-03
8.100610137695252178e-02 1.551966550003582856e-01
6.562752522053547644e-01 -2.603025294665765876e-02
-6.375989029657292972e-01 1.637605201865809379e-01
1.322845272681737239e+00 8.859994276548397441e-01
-2.410560908737973129e-01 -3.110735004179891044e-02
4.704303240706342315e-01 1.029525166222950150e-01
-6.257485624248135814e-01 1.452800151691029662e-01
8.551072064998743727e-01 -7.438569989302384888e-01
-1.545508154237854148e+00 -3.669076218799319111e+00
1.442844505462094418e+00 2.403211590088106142e+00
-6.349385104341005448e-01 1.771431253748891044e-01
1.291083438620832524e+00 3.916907786289197668e-01
1.220484234745356833e+00 -5.211884907920418808e-01
8.204268090354305265e-01 -9.365587349867402489e-01
1.116920307260946821e+00 -8.683163779337522703e-01
3.080374232307447890e-01 1.470501297841391164e-01
-2.489220714865716388e-01 -1.457275356355306750e-01
-8.725867718812156948e-01 7.407868754441744308e-01
8.438261911934068493e-01 -7.487095453996309713e-01
-4.930136558338151787e-01 -2.871122191698733950e-01
-5.892930149778444759e-01 8.370263044584197454e-02
-4.820835408600354643e-01 -2.291914126212671876e-01
1.405542002741956065e+00 1.901597299195544100e+00
1.118078146719068133e+00 -8.477851506001971016e-01
-8.366115293317324397e-01 6.868924940737065610e-01
-1.076019557198061527e+00 1.029584182989454089e+00
-1.338772174221420697e+00 -9.213540522970385949e-01
-4.528980128089072910e-01 -4.017049090723068261e-01
6.622585288538176407e-01 -1.981918252274654790e-01
1.135906658595902119e-01 1.099354678310502098e-01
-7.856591061982940438e-01 3.564593595758678846e-01
-1.096688666293690106e+00 1.075796111374349051e+00
1.043896311510859487e+00 -1.066016609303990670e+00
-1.095394074574759014e+00 1.097222788905153124e+00
-1.666639779934215859e-01 9.899040745422452159e-02
-4.690909407425707389e-01 -1.476996219551026945e-01
-3.584484160186813817e-01 1.337321595246465655e-03
-4.749738190713137520e-02 3.370466501081365723e-02
9.476421542151256538e-01 -1.025549487991964881e+00
1.375760023984592184e+00 1.633340577382484726e+00
-7.300796816608859929e-01 1.164566788690585275e-02
-1.534663493818344771e+00 -3.570856015341478340e+00
-2.146699053699485660e-02 1.384246029422226409e-01
-3.007765634220369577e-01 4.750543721985348022e-02
-1.490807733931703183e+00 -2.991412303900012670e+00
-1.292517711993414586e+00 -3.486415652434356471e-01
5.260079827502148753e-01 4.474239714812339175e-02
-7.192539285794848913e-01 3.406963624052292694e-01
1.472848081114303653e+00 2.860914189910455985e+00
-1.119672020942730439e+00 1.018740725933322988e+00
5.211534944420419535e-01 2.743740888671332701e-01
-1.261496406379626345e+00 -1.111298600860536612e-01
-8.832694190965186820e-01 9.352757979148427214e-01
-1.238024140806959217e-02 -1.382834017648005009e-01
1.562007826009534028e+00 3.938091946252807229e+00
-1.065518278478664982e+00 7.577531712714440371e-01
7.109312455162251077e-01 -1.028174420264871824e-01
1.199301816132150922e+00 -6.824617705421540670e-01
6.498183548845166690e-01 -1.014750448059575927e-01
-7.969382040791100907e-01 5.329508850979430834e-01
-8.658609916517500116e-01 9.235691516140459578e-01
-1.379405304751177397e+00 -1.381659238587070071e+00
1.326146101810365963e+00 8.546705606823238321e-01
-2.976450985161829266e-01 6.104913356859723028e-02
-7.665503606269719050e-02 -2.019297173822128533e-01
-5.350143716663697813e-01 -1.966810767049312347e-01
1.430287270013238743e+00 2.051757604830658277e+00
1.021762772239564132e+00 -1.177691657449348561e+00
-7.628089568957922006e-01 1.842326748000366887e-02
5.879209427547733569e-01 5.477326296772759562e-02
-1.316110754405990901e+00 -6.936840516255483591e-01
1.311371776685614776e+00 7.485418883541435919e-01
-1.096510459046064145e+00 1.118870837787104611e+00
-6.275050168142448648e-02 -2.631286249015213352e-01
1.092703733147462053e-01 1.708885319010164938e-01
1.388275724798825106e+00 1.630956835340380051e+00
6.844384550804822887e-01 -2.658790506972296686e-01
3.063211445679965284e-01 1.427873767265335769e-01
-4.142292765474668848e-01 -4.921936935095172494e-02
6.111679030977898996e-01 -3.499566005785888917e-02
1.312814627957021418e+00 7.469572393548947753e-01
8.017214070216445165e-01 -4.821856157156307887e-01
-1.403392483045799111e+00 -1.775223260878428855e+00
1.039065656902947055e+00 -1.015664230747057584e+00
-7.400448586833998643e-01 1.812658734827114482e-01
1.174276308464115903e+00 -7.631155040951003166e-01
-5.104325603013710744e-01 -1.956709720159731936e-01
-1.190464086450962355e+00 4.471209944289834537e-01
-1.278302264335740901e+00 -3.606608570413064596e-01
-1.273428050657315458e+00 -2.474583249686711506e-01
1.394541805745631802e+00 1.444785541034612653e+00
1.001069288609652386e+00 -1.025253104023599704e+00
1.520808515333282429e+00 3.434441080503311650e+00
6.594552300362281905e-01 -1.447610016954019307e-02
6.053315883308445500e-01 1.401102175376607861e-01
5.114367658233409664e-01 1.143916480737138808e-01
-8.272950070786623256e-01 7.990033265606194535e-01
-1.238663113961969042e+00 2.841910908511120493e-01
1.111754796541444268e-01 1.572623196262044609e-01
-3.431359786241521270e-01 -3.457514976048023936e-01
9.682092506857720160e-02 1.704141818360760396e-01
-1.142613659411124694e-01 4.408869208994822125e-02
1.656335595802307381e-01 -4.637752492180030606e-02
8.341962695042091092e-01 -5.964811143614918709e-01
4.435655878041271372e-01 2.119434612426332742e-01
-1.325527917064082128e-01 -7.793336409927943687e-02
-1.309964652511599548e+00 -7.088834888865123141e-01
-8.817539612055840248e-01 9.963231741299553024e-01
1.411379209397960466e+00 2.102345221084950477e+00
1.506317134414359771e+00 3.379022150456302498e+00
-6.299613242409076719e-01 7.352474842932013588e-02
1.436406392113275476e+00 2.391134781675110066e+00
3.004083967351849349e-01 2.125332653393411930e-01
-6.083153491303940896e-01 7.413322661396398727e-02
-7.601489614866873135e-01 -2.592248598938107218e-02
1.114030716486258843e+00 -1.224410082948359957e+00
1.081009389807300547e+00 -1.079431414030745717e+00
9.394746364770365510e-01 -1.020413824613671583e+00
-8.903370932300688212e-01 8.225497015613734142e-01
1.363053340960658666e+00 1.258888103908127665e+00
1.934048936826344711e-01 -2.986059577532728521e-02
1.206417197545615938e+00 -4.529966262888332484e-01
-1.041222928616722943e-01 -6.342986165982021640e-02
-5.555468347645924343e-01 -1.592089632461211601e-01
1.150567953338777372e+00 -7.071646571046787955e-01
-5.264311409452955282e-01 -9.540134525060739445e-02
-6.337287221487761801e-01 2.560828934022436887e-02
-1.281205242480423889e+00 -3.603905385887872237e-01
1.042842547352480498e-01 -1.415736504300347046e-02
-5.570539538415302250e-01 -3.250428312036404699e-02
-7.206556156494051679e-01 3.673854096070524045e-01
3.833883758816303278e-01 2.423105781319863372e-01
9.526358724327326222e-01 -9.591254815756762309e-01
-3.223251109347573529e-01 -1.490070027666552388e-01
-1.131760134892128455e+00 1.087150839778854738e+00
6.918678065182684023e-01 -3.365794368460147679e-01
3.594303658770106047e-01 -2.169085435384053295e-01
7.778936034633523455e-01 -4.661041262633934257e-01
7.158492677783949709e-01 -1.565208063108250169e-01
-7.643117105087249286e-04 -1.372068254161258327e-01
-5.130620464131518954e-01 -7.761906396912404693e-03
-1.230308617020882345e+00 -7.810649215469450679e-02
4.456809135252286502e-01 3.675560844886210932e-02
-2.693807022764527215e-01 -4.170388126541020313e-01
-1.523804498803737140e+00 -3.300309925543270406e+00
2.731442388212885763e-01 1.194501597803179077e-01
-7.230979594290836143e-01 4.013169032061561503e-01
-9.881775143788099625e-01 4.827533168201990632e-01
-1.026444219969255611e+00 1.110101273001354860e+00
1.144995382456513333e+00 -9.213727250930922041e-01
-9.663071791589251669e-01 1.232113917923113533e+00
9.969216846741244531e-01 -1.301841400348092037e+00
1.530888216138475588e+00 3.540869102051980022e+00
-5.852139295526245233e-01 7.900892865674415122e-02
-3.821446688229590549e-01 -1.342407110918201751e-01
1.387269680249627601e-01 -1.583008772046892443e-01
-1.416158686621638019e-01 -1.151122344920149469e-02
4.969330161835117110e-01 -6.873013974600200582e-02
-2.683329048525529004e-03 1.059572525828076511e-01
-1.533861889313226756e+00 -3.701679832414112692e+00
-2.910001094775156449e-01 -5.649552373157377128e-01
-1.381209058921585964e+00 -1.700170238273753354e+00
-6.960800556735856626e-01 3.069949731246230940e-01
6.744227482247482364e-01 -2.678062136358570766e-02
-1.057552643532261083e+00 7.420455955976941187e-01
1.086323776610977010e+00 -9.935753958284587739e-01
6.777416934659052927e-03 9.846955279597326138e-02
-1.160602280535647512e-01 -7.439510447664507420e-02
-7.864065891069371705e-01 4.063899389340178137e-01
1.459454431983471245e+00 2.687760173136049424e+00
-8.479568559736899713e-01 5.619057612998555884e-01
-1.104319425659767706e+00 1.179610836094528104e+00
-3.100277703795191186e-01 3.192266791497974654e-02
-1.302120952179109281e+00 -7.272455633913500472e-01
4.991503523341704884e-01 9.837354389864255699e-02
7.532308063464210335e-01 -2.241026984821125057e-01
-1.022861581780396323e+00 9.264545745452129610e-01
3.094941935031436664e-02 -9.612401906175674360e-02
2.600821245175926055e-01 1.594547723529734229e-01
4.053591167911649862e-01 3.022288222842695049e-01
-7.628061924446836173e-01 4.948080849368685086e-01
6.293242720911775834e-01 1.277359176152828568e-01
-9.860523008195289929e-01 9.197593243241888317e-01
9.038976432356990998e-01 -1.185341017003514574e+00
4.508237962352357187e-01 1.343040676816363854e-01
4.125838190331461153e-01 2.199459002302021349e-01
-1.517702947057772311e+00 -3.593087764771031534e+00
1.437337386989178345e+00 2.489651562828867348e+00
4.421681464337750000e-01 7.012424307992309869e-02
-7.528568704660494326e-01 3.261947317123076173e-01
-6.281586762188852147e-01 5.506659003003683966e-02
-4.351905556286943533e-01 -2.819240081688502153e-01
1.376087785855333756e+00 1.315973872313145554e+00
9.581913950820246662e-01 -1.308085668768075749e+00
1.543758085599515439e+00 3.804752459584415547e+00
4.431062341770504176e-01 2.316147183775646712e-01
2.307345803686049468e-01 1.034710761288468311e-01
-9.657893211998279659e-01 1.052998084441430837e+00
2.621735739923580777e-01 -5.932083325898797332e-02
8.673743393044768268e-01 -9.585841716977627769e-01
-9.525986440213893847e-01 1.073754827955776481e+00
1.513452980567496109e+00 2.757577145504792604e+00
-6.015429356992029186e-01 8.209228910642410448e-02
-4.253727631910386719e-01 -2.771575942148225558e-01
-4.403508730096512558e-01 -4.272324630913938437e-01
-7.757640217516662551e-01 1.951890764566896475e-01
-7.635906003678906151e-01 3.448765221821746829e-01
-1.284524133186965456e+00 -4.132473979214977278e-01
-6.419989909435698250e-01 1.223744357098988100e-01
-6.165362775098048864e-02 5.695848843860347455e-02
-1.352574175036017845e+00 -1.292272490514573047e+00
1.511917062709745796e+00 3.468455659727084139e+00
7.170499299699057971e-01 -1.328275171319538706e-01
5.310348356504492884e-01 2.346995460506748343e-01
-1.051945048970754248e+00 1.227490471001435601e+00
9.868135342997290671e-01 -1.008480645674251885e+00
-2.710083822709989931e-01 9.392081871082717803e-02
-3.842617376246975081e-01 -1.127349902469456100e-01
-1.103735576572325794e+00 1.070200359828118231e+00
1.739055051571867239e-01 1.521685260114714888e-01
-4.300030238608911759e-01 -1.887904084011854389e-01
-5.622928245586853446e-01 -1.731137331906855148e-01
6.814695823165859423e-01 -1.259150332703845299e-01
3.531802546091564743e-01 2.017933828028290744e-01
5.607047085161509514e-02 1.170253739501655038e-01
1.469700120164846968e+00 2.754943347659274622e+00
-4.077921264223469677e-01 -9.130001165399137530e-02
-3.492565623684724674e-01 -2.951467820899785210e-01
-6.478178425540991325e-01 2.518798234603967373e-02
1.489451560695600918e+00 3.100068460816368443e+00
-1.304774154072849246e+00 -5.562118307755720137e-01
1.283361845728570039e-02 4.675690924024275552e-02
7.279002498959323830e-01 -5.345933036163044161e-01
-9.225212310959227668e-01 1.033145206627513080e+00
8.164723245108853611e-01 -6.159321244760732617e-01
-8.442665998453390275e-01 5.045418746900725004e-01
1.426038474505305853e+00 2.152232471496411392e+00
-1.204283561820341353e+00 2.555021381256429303e-01
-6.845379243529629010e-01 1.962384598332342356e-01
1.029909301581480641e+00 -1.085868336248661414e+00
-1.177659281403382607e-01 9.988158972009786307e-02
9.462496890672671412e-01 -9.199159207729571408e-01
4.288576983231364714e-01 8.570503516787233989e-02
-1.472650812634498374e+00 -2.687786965780469828e+00
5.647762653229637664e-03 1.527112410503667361e-01
1.292343758718458524e+00 5.456609059667197892e-01
-3.392992497429991872e-01 7.360379407607656188e-03
8.184171805660711563e-02 2.611218566773622698e-02
1.295974473699435858e+00 1.423752478228225704e-01
1.286362899345494082e+00 2.247324967984534183e-01
-1.490503463027571307e+00 -3.005594807228536780e+00
-1.403150243103248762e+00 -1.882364903994235839e+00
-1.224350122387630524e+00 4.371036186098885556e-01
1.334153739556291907e+00 1.039784747022347577e+00
-4.372074455378271995e-01 -8.539837820074117070e-02
1.196683683233862983e+00 -5.798708104095777749e-01
-1.158788363822187639e+00 7.704182925871175813e-01
-6.143781817354057040e-01 -3.583997758992520932e-01
7.928455183869034251e-01 -4.750604105988087689e-01
6.580280393683608509e-01 -2.747464683938587449e-01
-1.535141254906052133e+00 -3.774377431452901277e+00
-3.352580244000631371e-01 -1.169945303588856844e-02
-1.512303435986941613e+00 -3.384470794607333133e+00
3.787629121696565182e-01 1.054494239658682331e-01
1.373238133708511999e+00 1.528027540715058308e+00
-1.499091614279397078e+00 -3.147064710226073814e+00
-1.443077206417684222e+00 -2.373598259505039998e+00
7.120330053039514162e-01 -1.512704923469898322e-01
-9.989688267831206003e-01 1.047774307718231324e+00
1.221558106278022304e+00 -2.093803552985259997e-01
-1.206509560225679678e+00 2.802995454399068165e-01
-5.508089661778334811e-01 -9.683195682250005099e-02
-7.872018432881996430e-01 6.478269684184612132e-01
1.189608060754911101e+00 -6.204277670818901802e-01
-6.023675322163968282e-01 1.024697578531369169e-01
-4.943437818647293813e-01 -5.623308856471087580e-02
1.409368403385548252e+00 1.910752191573372283e+00
-3.823240343108424977e-01 -2.331400892904331446e-01
-1.156853280871844136e+00 9.025566448048096824e-01
-1.325477432594679872e+00 -8.100287036839253219e-01
-5.417422506521183401e-01 -6.594386431516205405e-02
-2.538579920276360369e-01 8.030278991750118556e-02
1.477370064978745123e+00 2.952822622204979819e+00
-8.165104659764146344e-01 6.753694869325460592e-01
-5.834817728482657451e-01 -3.122172407517102011e-01
-7.778554938940364094e-01 4.705325269809519373e-01
1.084359253610518881e+00 -9.484310190477782676e-01
1.025838929141894784e+00 -1.016046408224213771e+00
-1.353980665781818082e+00 -1.080537786333936712e+00
8.098446392597420385e-01 -6.180372784360754768e-01
1.502360026667316717e+00 2.862972586407440012e+00
1.564637620196463352e+00 3.859677541286863800e+00
-1.023067626576196432e+00 1.318294159490815964e+00
-2.294477539830896973e-02 -2.044361832713879890e-01
8.988593512625668858e-01 -8.468265073935147269e-01
-1.322566073681805676e-01 -3.661626099198318079e-02
-7.491062250325429828e-01 4.619561563529026582e-01
-8.778028146210254956e-01 8.341963561556751117e-01
-2.298009654927157808e-01 1.167930146702422234e-01
-2.814575098550984311e-01 -5.220082529306566133e-02
-4.508639794285316249e-01 -2.508894503465267101e-02
2.376808203884688275e-01 1.360574844703693054e-01
-7.360511154049788063e-01 3.704084093548413725e-01
-5.320470142119064771e-01 -2.622402005067739350e-02
-1.235846696686769608e+00 3.041005323236471991e-01
5.283983921248194271e-01 -2.344095000479329560e-01
-1.284901230736290811e+00 -5.312122980742223222e-01
6.013378070694876953e-01 -1.041907222538898670e-02
2.280853609585586916e-02 -3.373374912308159390e-02
-1.424204779866485637e+00 -2.321582294072943586e+00
-1.296124017467043643e+00 -3.781279308419100427e-01
4.493098427413202423e-01 6.714157104098589235e-03
3.883474788512637499e-01 1.168012044929293836e-01
1.079453791961134002e+00 -1.409759423849356041e+00
7.900917200688701847e-01 -4.029107767316402189e-01
6.185514482841796280e-01 7.268274938910970762e-02
1.011818964415215572e+00 -9.854819670749520588e-01
-1.396603478886487837e+00 -1.654895345382835892e+00
1.476793192044703051e+00 2.730695170669340754e+00
-8.661737098836762572e-01 8.498541036522350156e-01
-3.953269890824160360e-01 -8.810808816341803018e-03
-1.888097473045577956e-01 5.034920166184633783e-02
7.311280322748432425e-01 -2.958251858928332423e-01
-9.394894638935982201e-01 1.177553340712337526e+00
9.225280885812234821e-01 -8.867633531689024240e-01
-1.607614280353053537e-01 -2.140663735622128083e-01
-2.917414679987695436e-02 -4.034547548014914831e-02
1.148921366939038347e+00 -1.419716499121264075e+00
-1.167441919212178325e+00 7.495160450393189011e-01
7.230994539145205735e-01 -1.114994143973195295e-01
9.734104964910788027e-01 -9.744682227125971430e-01
-1.044494041580006582e+00 1.260478808839788467e+00
1.425470200186230496e+00 1.878971855719174577e+00
3.245843606492626598e-01 2.720603325078853052e-01
-9.046808596266096014e-01 9.518487554698449316e-01
-1.369575193078040876e+00 -1.366547873184782880e+00
-6.671032986150230437e-01 2.116652233872072797e-01
-1.447049757755313415e+00 -2.329287037540280991e+00
-1.356463250354078554e+00 -1.090664797063674918e+00
1.512758525296360457e+00 3.254418720279129040e+00
8.449651857516364828e-01 -7.466189195065764395e-01
7.501351945844114688e-01 -6.741129953799900321e-01
-1.711904339656811214e-01 1.026028960068164908e-01
1.410991099027600004e+00 2.066606275759160560e+00
4.876305463712089505e-01 1.362029184191096975e-01
6.773810843834224826e-01 -5.420256680691524220e-01
-8.893026181388257179e-01 9.506819484274978693e-01
5.370499946211668707e-01 1.579616662262742777e-01
1.052553101816412706e+00 -1.174913609270583859e+00
8.181153492256290072e-01 -5.227839256065728302e-01
-7.950581582033495742e-01 2.660443820200633080e-01
-1.022201312264303663e+00 9.250697091113089243e-01
-6.644886681911531534e-01 2.054577787734993555e-01
6.217179837087996042e-01 8.888821834435967073e-02
1.091949213236229621e+00 -9.631133079120263174e-01
4.810428090345379992e-01 3.106819670306892878e-01
-7.120118192163937820e-02 6.646468065016024329e-02
-7.969626343659703682e-01 6.037927407790861789e-01
8.448721163132955070e-01 -6.288013197476285399e-01
-3.053143406681602112e-01 -8.711912614828154489e-02
7.178681938771283022e-01 -5.830331091125813270e-01
-1.113445523387542213e+00 6.306961135269809615e-01
1.140237721759515654e+00 -1.052062612082099724e+00
-5.121514908657052167e-01 -1.130444723100954840e-01
-7.099492512044648374e-01 2.855825971392276230e-01
5.138100432823931030e-01 1.359006665008312131e-01
3.284428031075403709e-02 1.459108781445341008e-01
2.484969094795210776e-01 2.219437967794634925e-01
-9.585305443867447872e-01 1.186393392568481309e+00
1.229988396183336885e+00 -1.462034030070192836e-01
-6.511771377370303426e-01 -8.958663987394743788e-02
-8.846886990514589710e-01 9.551575722023800674e-01
7.523782483634726681e-01 -2.086312007708170935e-01
-1.339161607655205755e+00 -9.082241643819486399e-01
1.717112510753942001e-01 1.318609069024788139e-01
-1.086113254998216204e+00 1.248089416324803302e+00
8.329597295291248926e-01 -8.973819106397117329e-01
1.118761003260905440e+00 -1.010048326110056127e+00
-8.416077174298286501e-01 7.839209068809231962e-01
1.524747748778510381e+00 3.572763116839447584e+00
6.262508382942031382e-01 7.399204232693248895e-02
-1.288564534133077810e+00 -4.397673578128613037e-01
1.267784692691235726e+00 2.625116866702670304e-01
-1.106940800370740163e+00 1.189667016614911255e+00
1.561316115255371173e+00 3.960563017816859599e+00
-1.110719801212602498e+00 7.581797312399362054e-01
-5.835037321767444496e-01 8.018625636643866850e-02
1.570735311369480858e+00 3.888032039863949407e+00
-6.908931569130749573e-02 5.680373259958177573e-02
1.028585610663527827e+00 -1.077594893155275901e+00
-9.210732980942102355e-01 1.046185064261438313e+00
-3.456628950795732624e-01 1.257879022635194355e-02
-2.183057153651091209e-01 1.129423756124369738e-01
-1.410814075053382188e+00 -2.077770726001521684e+00
-1.244303543204906992e+00 2.363736807796907036e-01
1.464052336587405634e+00 2.792148422565775334e+00
-8.657248460907126519e-01 7.751516533987727886e-01
1.286025748179826955e+00 4.819891694652528868e-01
-1.295289781379230565e+00 -2.971322243839321642e-01
-1.130400283053127897e+00 9.534805055324825362e-01
3.941119785123345931e-01 2.168811110579867696e-01
3.658889712618944579e-01 -9.213180334897030921e-02
-5.709598842367751281e-01 -1.397271145819971028e-01
-8.455258204834781299e-01 3.918446465051008687e-01
-5.274414667342930407e-02 1.319251175598524783e-01
1.271388538261589041e+00 2.825934454607674229e-01
-4.003491034547277394e-01 -2.944036605652924354e-01
-1.039313748030889162e+00 1.055031921576914167e+00
4.043122930500990808e-01 2.263186588932806498e-01
6.917160554425363372e-01 -4.117278319619320781e-01
-1.422321233006316632e+00 -1.988747239988821525e+00
2.790058380375337599e-02 4.300112178765790744e-02
1.331218433869117312e+00 8.845622216171779018e-01
6.591638481422568141e-01 -2.135651552188848057e-01
-8.822086525028055570e-01 9.810213787885753156e-01
-5.590663357154712632e-01 -1.414769760683289856e-01
1.201303010294187068e+00 -5.015544495985749807e-01
2.796433866676419910e-01 1.285650177845193420e-01
6.110437264447354799e-01 7.745316979331587359e-02
5.864220614987303293e-01 2.241268078267003028e-01
-2.160167009558473517e-01 8.253868109574416523e-02
-8.001554265729019511e-01 7.018327444363620105e-01
1.145686059136185264e+00 -1.088369178824468042e+00
-1.032946201283570176e+00 1.004986124581535911e+00
5.690024839115315203e-01 2.241997136291153103e-01
-1.366638650074671668e+00 -1.237869259438305392e+00
-2.482158077539513563e-01 3.394272906860756889e-03
-1.466294370650986112e+00 -2.614510828270737441e+00
1.432997520777218092e+00 2.077292751592976217e+00
8.459452504739690681e-01 -5.734342159625877011e-01
-4.255136392566110093e-01 -2.000137896157754835e-01
-8.073390544425153026e-01 7.045789757824439947e-01
4.969400057346557986e-01 3.121139953531909539e-01
4.157323459789314946e-01 1.368639136809985668e-01
-1.656172672384481626e-01 -1.471589231544699339e-01
1.062238693720700677e+00 -1.037092798074311428e+00
-1.418085618213738019e-01 2.127480392368543208e-03
3.488003166047479731e-01 2.815477070001152771e-01
9.761279116469623318e-02 1.321822962833233694e-01
-1.120510606905141371e+00 1.051553719378846230e+00
8.650355289398894421e-01 -8.348412877683575317e-01
-1.382067307850738613e+00 -1.730162388313499111e+00
-4.009803654107719773e-01 -6.034273183152008557e-02
-1.505053061298133876e-01 1.417349333469310746e-01
-5.030080487052788207e-01 -4.968992929970109662e-01
5.480341001099375831e-01 2.466564514290881804e-01
-8.273245318909271395e-01 6.560694288029552679e-01
-5.066697924118626073e-01 -1.006368893843221646e-01
-3.785148583191355609e-01 5.436963589458693180e-03
-7.223888036776033861e-01 2.872020300137159143e-01
4.218344922522814233e-01 6.591960224345513875e-02
5.190942358694479175e-01 -6.630123164875312280e-02
-4.746699246454177956e-01 -7.636165923022275592e-02
6.125269579799099695e-01 4.488676098462419939e-02
-6.503832139725229666e-02 -5.825075088205099449e-01
8.375301220792703560e-01 -7.045432980385577526e-01
1.167551714415643094e+00 -6.243655176996739664e-01
-1.078662153891459363e+00 7.836131868725103589e-01
1.312266384763332017e+00 7.743641589498508893e-01
5.234968677979252583e-01 -3.896639649720610166e-01
5.518294615225967092e-01 1.678449149991718681e-01
1.381493330833739819e+00 1.638495892956475686e+00
1.339049022070918138e+00 9.510940096504877372e-01
8.683106920868426393e-01 -8.867243102641955144e-01
-1.270406957066498865e+00 -1.298742254685813224e-01
6.619167505765455317e-02 1.678841055667308624e-01
-7.110814087151678953e-01 3.599088110533108509e-01
8.921813550427453166e-01 -9.577168005978148324e-01
-1.229236260602430963e+00 1.383403649558010984e-01
4.733356605124146022e-01 3.283806125464158177e-01
4.482641302685932416e-01 3.720417226327787930e-02
-1.075139269250098506e+00 1.152872203498956694e+00
1.377785405717612655e+00 1.548241495968153858e+00
-1.166195515723725151e+00 9.062660223742703414e-01
6.093751071425539401e-01 8.328491848275929033e-02
4.737420800529998921e-01 3.144389158029224918e-01
4.507998522938958530e-01 -9.691255707148299647e-02
1.357349359789407739e+00 1.284160549071478918e+00
9.924688768899612157e-01 -1.011373466558563194e+00
-1.261910116199343346e+00 4.163999392209549039e-02
-2.302041232739742149e-01 7.304502572674372030e-02
1.171167624757131875e+00 -6.856998230751046863e-01
1.217709554447972131e-01 -1.662922458750489829e-01
1.506659553200448975e+00 3.203174939598743443e+00
5.776184282365437461e-02 9.290651468437463589e-02
-1.618560792010637073e-02 2.770110292474765173e-02
1.264092607653280353e+00 1.162267928496044239e-01
1.174606933187095859e+00 -5.744376713558099201e-01
-3.132192180776134371e-01 5.690302716813136485e-02
-4.508148300902869998e-01 -2.167464958111946505e-01
2.238280888174875027e-01 8.650323962773134867e-02
2.680106173022744898e-02 -1.105734636450157911e-02
-1.279458659217098226e+00 -1.506820140813010800e-01
8.325382953673590158e-01 -5.046921660410269572e-01
1.276235554894293855e+00 3.005089536997255228e-01
9.663945793585870803e-01 -1.250846868719289740e+00
1.420792647026441813e+00 1.979277471217046669e+00
3.149377502509969062e-01 1.334457037292188231e-01
2.688501333865622733e-02 1.182685419675254777e-02
-1.092598109376549331e+00 1.206858604955280967e+00
-4.237770527284361322e-01 -2.960383682744266998e-01
1.365303953422780214e+00 1.111112076485525346e+00
-9.165098772584913123e-01 1.079877609980305131e+00
-1.050125309198179924e+00 1.229701466198604098e+00
-2.032744770835901438e-01 -2.050045708382740861e-01
1.069107519831110853e+00 -1.181117964059224867e+00
-3.487045017532552915e-01 -3.872338204375200266e-03
1.689365922526449015e-01 1.813201588068181491e-01
1.108304851916726452e+00 -1.135918689057062281e+00
-1.160851757639147497e+00 5.885838621937863335e-01
1.255286685290600168e+00 7.199815936528158877e-02
7.649361648675365721e-01 -3.551965327631309011e-01
-1.322577643643199741e+00 -6.227561498183227240e-01
-1.275864611283313188e+00 -1.876790894020317901e-01
-5.741208880095248768e-01 -2.614431977597730383e-01
4.343115565014521451e-01 2.622643700647080967e-01
-6.475914352271860963e-02 -2.940190209390594611e-02
1.445150728585637978e-01 1.649152719627515751e-01
-8.939841402890600364e-01 1.041261199316771968e+00
1.004007548748055978e+00 -1.355843847935180424e+00
-1.411560795334539264e+00 -2.308555270335819198e+00
6.109658339419214990e-01 -3.005516659380935707e-01
-1.469001908213124485e+00 -2.689087812819332957e+00
-1.313507245735701989e+00 -1.072794109728350431e+00
-1.333046503124462490e+00 -7.837890278613179884e-01
7.790773708166760514e-01 -3.364986154825760356e-01
1.311338919755670407e+00 7.301676519234697738e-01
1.145959217649230588e+00 -8.748503397713687235e-01
-6.909012120446440530e-01 1.948506279563568810e-01
7.231568212780818961e-01 -1.095791347217038303e-01
-1.148941653006544605e+00 9.911354441780942937e-01
-2.310794682738273043e-01 -8.455409897547140619e-02
-1.379398571499261150e+00 -1.529115483171742618e+00
-4.302128410177088469e-01 -3.641347146343841823e-01
-1.357614553404704605e+00 -1.110034040270226008e+00
1.136214895994873686e+00 -7.831698926453684040e-01
7.604462052393698990e-01 -3.475276926910842445e-01
-1.487208536396274372e+00 -2.865905787345707445e+00
2.872718426224716293e-01 2.319997887534330783e-01
1.516434598785113330e+00 3.215494612400279451e+00
5.917045356123495914e-01 1.307260347705165859e-01
-1.532404552278216370e+00 -3.651781060760710851e+00
-1.563334509569172637e+00 -3.947180351790064989e+00
8.842965832114697555e-01 -8.886796714590196045e-01
9.850820896470655619e-01 -1.583391638805885959e+00
-1.029678862965470065e+00 9.988968926216573729e-01
-4.727362588945680510e-01 -1.110735937218388647e-01
1.227447659134362379e+00 -1.447453589489327008e-01
-2.563047613206894670e-01 3.474991037816964334e-02
-1.020921888065070116e+00 1.258907816198148177e+00
-1.560428586938285012e-01 8.476541869938894469e-02
-5.444851414796607614e-01 -1.964681156373846438e-01
-5.394415677363006978e-02 1.254255495903946471e-01
6.259311031820158355e-02 1.170286287081478277e-01
-1.335887302865289339e+00 -1.270179631147827504e+00
1.247146415855767021e+00 3.184933213781014627e-02
-9.731957339536623230e-01 1.130019498537665701e+00
1.508305684695999016e+00 3.413147242806829240e+00
-9.264261124373220913e-01 1.152119410793166487e+00
5.003735867779561808e-01 2.801540143632462732e-01
-4.773161445943781001e-01 -1.486891596414016692e-02
4.324166635361770261e-01 3.117604450654835047e-01
1.177271124731358309e+00 -7.885634166873513040e-01
9.706371499998742713e-01 -1.410101980740965821e+00
1.264527002152309176e+00 1.370190689564963482e-01
-1.626367713821275096e-02 9.902847823706525943e-02
-3.140221252138426511e-01 -3.781489368334751688e-01
-1.585369243610215140e-01 -2.991593721504067771e-01
8.586540264001985001e-01 -6.704879527702356512e-01
7.032478129092245567e-02 -3.745237310170628775e-01
1.071357288683645770e+00 -1.192759347885113508e+00
8.566109689544334493e-01 -6.697467938314943803e-01
1.472728352756740300e+00 2.968028980164308273e+00
3.196049410648060807e-02 9.870103251066929262e-02
1.118553097414693553e+00 -1.003088114558862820e+00
3.046149297283695656e-01 1.468616897555492518e-01
1.162800404525232700e-02 -5.146431200594157873e-02
-8.922358467426709794e-01 1.000337016872986595e+00
-9.089407167652904240e-01 9.070684874558299082e-01
1.518146749229046133e+00 3.402040394612112273e+00
1.223430789844254019e+00 -3.041298914146570720e-01
6.115029211075833082e-01 1.792503055645482679e-01
-1.407921879190932035e+00 -2.095882895715675431e+00
1.470590816275275881e+00 2.813712507049361378e+00
-2.771337142567751322e-01 -1.433459952393442705e-02
5.602984093120388920e-01 1.848546984179325892e-01
1.007584554441652624e+00 -1.067951810123263012e+00
-8.282638483062286783e-01 5.667495046668190595e-01
-1.407686874987708947e+00 -1.857273583873116474e+00
-5.647736220763688308e-02 9.304583396294441311e-02
-1.351441606085999503e+00 -1.150308937977092993e+00
6.789685499046473893e-01 -1.508611645877139806e-01
6.440335013327396219e-01 -1.495156622433527205e-02
-1.504715167397425724e+00 -3.233892267715413382e+00
9.876267169674033397e-01 -1.197722067006139035e+00
8.012758603723297846e-01 -5.441290697223732931e-01
-1.258348995863805886e+00 1.751891138132895612e-02
-8.640678281841307484e-01 7.442975101508355618e-01
2.682439235272855438e-01 -1.458271573139346966e-02
8.064871471565977501e-01 -4.837013503582719975e-01
7.935125342111448710e-02 -8.241977630060183524e-02
-9.825357964764122043e-01 1.027707143528361122e+00
1.211802106452552596e+00 -5.020459846739770970e-01
5.868900631998048567e-01 -1.981233197175115701e-01
-3.536429955702935501e-01 -1.943632579568824181e-02
7.119791340219703280e-01 -2.888682462023141606e-01
-8.005259055298071802e-01 4.244652819514730391e-01
3.698370075837755788e-01 -9.287688671722207912e-02
8.254441504011693631e-01 -8.567730328543806673e-01
1.564016269161825345e+00 3.490414606869317371e+00
8.699490536341816238e-01 -6.710673967694025244e-01
