5.741349227742397199e-01 3.353457766738309864e+00
1.912328211034254322e-01 2.180176544927859172e+00
5.140044291144503230e-01 3.071508140403767850e+00
9.711283609831803387e-01 3.038685829131980487e+00
8.724621168301135432e-01 4.104108367066090501e+00
2.758666229134321135e-02 1.895974259454893840e+00
3.585153928618491914e-01 2.571988037608116340e+00
9.976643941258872550e-01 2.327859363684724681e+00
9.241371769780138967e-01 3.567076207426381096e+00
9.737332228841476534e-01 2.997925855451476718e+00
1.940266759746829273e-01 2.109741876788102211e+00
8.402081376786318945e-02 1.989215204694001704e+00
9.835521983521456901e-01 2.580379727071612450e+00
8.002750642729746788e-01 4.148174587356724174e+00
4.044465337793832216e-01 2.626625063485488631e+00
8.921200909748366881e-01 3.913534942228923175e+00
9.383928760529192115e-01 3.567325493515845825e+00
5.706822737105505805e-01 3.178837626060885491e+00
9.022242030074677510e-01 3.963467498663997723e+00
8.155872556111475324e-01 4.164203470723235156e+00
8.956582810601938505e-01 3.897468614256762276e+00
9.607937299269053710e-02 1.975737175390199996e+00
2.928712140372466965e-01 2.398657005692350630e+00
8.221564834442753877e-01 4.183559679411503751e+00
3.276233108092746482e-01 2.480116307646113238e+00
7.161683838977280780e-01 3.965205731384084054e+00
2.191435474922769355e-01 2.155728909343749944e+00
9.821460792015194174e-01 2.778431473182493061e+00
1.809127669689180040e-01 2.108792364325863922e+00
7.828998648913950698e-01 4.129802990861239032e+00
9.542369729005035772e-01 3.172338478201765177e+00
4.556714655351131738e-01 2.843011714294192416e+00
5.731413498591502176e-01 3.288988657838049612e+00
7.324387290074300116e-01 3.930343472712932051e+00
5.860013529570946567e-01 3.304425602598752398e+00
6.813994372246691134e-01 3.601435046989271971e+00
5.516607134461514184e-01 3.188455794814284427e+00
7.025932624908884927e-01 3.893290355067939412e+00
1.619162575420349803e-01 2.118895384992963038e+00
5.980431206115905951e-01 3.298218503171792548e+00
2.251375573789259343e-01 2.030719588811139786e+00
5.926763058804833673e-01 3.362696913568002710e+00
3.999890152643268415e-01 2.703023920697894766e+00
6.124754858608814079e-01 3.518076705578286667e+00
9.700277330547258936e-01 3.029257187719053057e+00
2.275258400452229157e-02 1.743062172894367379e+00
5.975637888180894697e-01 3.404274189417557661e+00
1.923016424193942919e-01 2.120235187670352239e+00
2.585294902847887766e-01 2.257606946419779881e+00
7.247170390313967259e-01 3.906044450113530075e+00
4.958783781893345566e-01 2.855256288046906121e+00
9.067467017127810447e-01 3.935004926706507256e+00
5.755210677000530684e-01 3.356275661183966363e+00
1.733547349773774116e-01 2.123577426897525378e+00
2.646974615397093000e-01 2.241151460551674468e+00
1.389486448835736132e-01 1.892032902876759293e+00
4.972759940424185121e-01 2.931848007453397909e+00
1.015060722706420115e-01 1.847148986849578511e+00
8.391292076768011032e-01 4.079862966548827075e+00
5.120025097257423496e-01 3.075937894550772711e+00
9.585010752273437351e-01 3.276258591334181069e+00
8.041561698304050543e-01 4.141646950598534715e+00
7.121614622446297282e-01 3.954756653556148471e+00
8.603239727873728260e-01 4.034194192381967525e+00
5.256642669826998571e-01 3.027172422534704754e+00
6.906908059349724516e-01 3.679791520710638419e+00
6.947218539263384507e-01 3.736466480165758330e+00
2.584472860271750383e-01 2.306547515279810501e+00
8.880952946269684567e-01 4.020358601347362892e+00
2.939896900833754989e-01 2.314156798858917785e+00
6.566860219575654245e-01 3.632777302723006141e+00
9.639790776722377830e-01 2.950592334951307016e+00
1.600393347848801939e-01 2.002016716919682526e+00
8.661392993188720135e-01 4.002774766339340040e+00
7.103114999011627129e-01 3.921149910432832009e+00
7.303890505849668369e-01 3.985866129111995004e+00
2.076139615772798486e-02 1.675329263501792010e+00
4.287417060456810702e-02 1.931518497925661215e+00
4.113983574586372871e-01 2.632010996818841875e+00
1.283645591988568091e-01 1.954295527309640956e+00
2.109559723375709073e-01 2.157259108918636592e+00
9.331128999663017565e-01 3.642722770366530582e+00
7.102062519128478080e-01 3.927081486056584581e+00
1.868460367158861768e-01 2.143598548798174352e+00
7.578455263550398779e-02 1.965592940597664207e+00
6.066005534832376034e-01 3.487680717482477100e+00
3.479710731699637849e-01 2.506083356484089197e+00
5.267994792886353528e-01 2.991295220081779060e+00
8.316264500264607396e-01 4.202674469847322847e+00
5.038430365886549245e-01 2.982460461999704826e+00
3.981497869084592578e-01 2.631564581230876332e+00
6.783388775324223907e-01 3.801784649625790102e+00
5.656829282581365970e-01 3.200900727946080604e+00
6.925010906968412927e-01 3.754996012293434493e+00
6.705386213107505933e-01 3.756354425780315864e+00
7.012085860551899863e-01 3.813722766473632397e+00
7.018282484664417620e-02 1.861164374302703761e+00
3.512075545729300696e-01 2.467168208781856276e+00
7.866308054942295902e-01 4.173062944800107310e+00
3.244466190574527564e-01 2.440137678772125618e+00
8.219872555985785478e-01 4.131655337121181049e+00
4.817602113229270122e-01 2.887552105872844166e+00
8.497915728385985190e-04 1.797112938404293425e+00
5.713956877460397710e-01 3.343931264046730689e+00
8.488388455267622534e-01 4.177794379275307612e+00
2.377394123420850658e-02 1.863814535085638102e+00
3.555474210573126292e-01 2.564435991595116704e+00
8.585401699875269133e-01 4.048543712521055937e+00
5.718259937144763994e-01 3.238293888199903492e+00
9.600385837894387375e-02 2.001350795968773522e+00
3.562646194915753961e-01 2.557412038820785938e+00
1.446352724520636457e-01 1.934547127318289927e+00
7.053524459635414079e-01 3.915901417676394214e+00
1.420601818238322878e-01 1.916616920980483751e+00
1.321917454487714361e-01 2.012121697800490328e+00
5.865140862791635712e-01 3.365031916744568807e+00
1.216223691711925126e-01 2.013102310046074983e+00
4.318101196320145441e-02 1.826246005805930883e+00
9.532639376231248907e-01 3.335357057075615472e+00
3.151942778434737580e-01 2.417142945547222421e+00
5.912047203831164444e-01 3.362385397395722730e+00
8.524259094351668287e-01 4.080979957596758467e+00
2.551243184210544301e-01 2.243773625762314872e+00
6.042813101514774576e-01 3.428685187670812873e+00
6.114935277695570104e-01 3.448446582986218978e+00
2.781237428039817772e-02 1.755438857803972796e+00
5.557846782671826968e-01 3.256994873813830793e+00
9.182554598166073889e-01 3.776418389680117116e+00
8.832485139855099643e-01 3.974729860233349843e+00
5.139692187357601805e-01 3.105689924151854964e+00
2.262117522568589667e-01 2.231761321371549478e+00
9.600649773954917920e-01 3.263717839642267915e+00
2.761504565116428278e-01 2.302981822511860788e+00
5.238687667691622751e-01 3.116661767370866087e+00
1.804769095204427076e-01 2.128572082635297846e+00
9.600101836135954692e-01 3.206022199343066870e+00
2.029391781810778728e-01 2.204090911388040919e+00
6.409744503339341870e-01 3.500098621691991152e+00
4.503991439508806538e-01 2.853243036527503662e+00
3.524277414810894626e-01 2.520066962528146437e+00
8.600584070565294725e-01 4.153992054543794943e+00
2.187511232660652727e-01 2.175493569169934194e+00
9.142313416818181881e-01 3.821152883459344007e+00
5.961646509040889885e-01 3.450062579773397697e+00
6.904332816026583775e-01 3.597871188229846862e+00
6.863900844927761646e-02 1.866319369036451681e+00
2.060408352391188691e-01 2.153528553030672477e+00
4.576726256662381198e-01 2.771676639313019663e+00
6.377972206122214383e-01 3.530365708982129203e+00
2.961728371628835621e-02 1.903997811162222664e+00
6.575509029216901613e-01 3.716697431106846583e+00
8.160676552173499188e-01 4.138147049726537574e+00
9.831614578622316358e-01 2.655929563785912162e+00
8.812407331186171699e-01 4.051669227611550461e+00
7.047725421989072814e-01 3.834553719588622567e+00
3.069901048161342016e-01 2.440627600955478371e+00
6.449763401690377096e-01 3.644123601053514960e+00
3.587996593945274038e-01 2.479336990091884019e+00
3.343015454051023738e-02 1.862047850791412440e+00
7.761490372797610338e-01 3.991635396024860949e+00
6.952162552809575402e-01 3.858976230062174384e+00
7.775372232221506863e-01 4.135225191055155847e+00
3.452339373284933899e-01 2.341999993122158674e+00
3.358876259784326912e-02 1.781810553486077309e+00
2.765177440767296879e-01 2.321707635101708078e+00
4.412227190253343867e-01 2.814792027243385952e+00
5.162543320330372776e-01 2.968013923448336033e+00
3.580373801871400419e-01 2.492111672345673767e+00
8.512152698636206161e-01 4.186145112934269719e+00
4.752111554812823435e-01 2.963907688419510134e+00
1.963176186238371201e-01 2.142396790081001257e+00
8.703922285279414028e-01 4.090656319154530429e+00
3.996691663509420733e-01 2.700535409000270004e+00
5.652056388436361711e-01 3.062899064677098604e+00
5.832720259485122405e-01 3.398631255058101708e+00
6.037922504379261701e-01 3.448945519576851026e+00
4.663143020936845184e-01 2.911251476337668898e+00
4.986389624602890480e-01 3.013720014513863177e+00
8.846280630890333008e-01 4.067272583836154531e+00
1.355169658090457085e-01 1.883649762623453849e+00
1.432253182181660867e-01 2.070210254714431208e+00
1.489040704477417876e-02 1.892930920931764405e+00
9.219138361013257121e-02 1.769065754126593282e+00
3.798674681679711229e-01 2.545832274669349360e+00
2.975470180798748254e-01 2.406033204769808975e+00
3.498484914666549761e-01 2.437770120346439029e+00
7.448363546790109924e-01 4.035825896581034300e+00
7.936246016218698740e-01 4.013744495919926436e+00
3.659912029744891715e-01 2.511317960619872558e+00
1.031604432784635206e-01 1.999084671921802947e+00
7.244148831972274660e-02 1.924046988341262976e+00
1.442719901755465939e-01 1.942682887057665786e+00
7.585116328407659481e-02 1.856470971027825545e+00
2.481078021280317403e-01 2.187062982779547582e+00
5.004075365929447905e-01 2.961433676851435770e+00
7.772916315864997205e-02 1.815693960143127228e+00
8.872626077780415565e-01 3.963655276223852386e+00
7.514868561688825555e-01 4.077986896353497315e+00
7.094958217580796811e-01 3.822537052496506771e+00
8.486121414172398403e-01 4.188281968603045691e+00
7.142674666143284945e-01 3.847798251484842780e+00
2.049812035065123883e-02 1.876083583317986969e+00
7.298265787307249841e-01 3.872481456532028243e+00
2.396427868627181157e-01 2.247635984636876749e+00
8.175538118304287449e-01 4.144277048694445575e+00
4.154096961517846909e-01 2.605238753318687372e+00
4.022546844162129265e-01 2.662598599828075674e+00
4.313130271837328777e-03 1.696366108078522394e+00
5.910196194356418520e-01 3.387071867949159820e+00
2.326164026743521296e-01 2.218900210821352026e+00
6.586211497590765962e-01 3.602726447379674735e+00
7.065524270758009040e-01 3.903579451231922626e+00
8.774603200675974435e-01 4.086858440938569537e+00
5.241063043968917645e-01 3.087229072693309817e+00
1.910269632159975473e-01 2.149963196997031645e+00
5.674555531124945151e-01 3.321383164216200612e+00
3.840678627637534870e-01 2.648760030602936855e+00
7.189781204970028261e-01 3.822667310268432761e+00
4.109610011225516280e-01 2.736918229573635841e+00
2.869870224590164165e-01 2.203322743843580511e+00
8.248748875095911481e-01 4.178864910529156873e+00
6.615393596678943444e-01 3.672786555918176710e+00
1.410475029629933985e-01 2.081066804846496865e+00
3.655174922000028470e-01 2.424090005836344375e+00
4.672761767737696470e-01 2.667416784312246936e+00
1.985954300979927423e-01 2.070634610523764962e+00
7.925974017498085278e-01 4.180975813027201227e+00
6.659512805496876631e-01 3.748976463283541172e+00
6.120703893950942831e-01 3.494457252840967865e+00
5.461734220043038546e-01 3.015481156438495347e+00
4.564421734739455561e-01 2.721959814617540552e+00
1.882298691100381394e-01 2.156968155630348605e+00
7.668631120457283235e-01 4.084833927808964482e+00
9.547248748149481656e-01 3.342417500521646545e+00
5.859498111629879435e-01 3.311446871791211777e+00
4.038369012692586413e-01 2.616246547940805023e+00
9.760189517700487150e-01 2.939627745391515390e+00
1.216403533936678549e-01 1.897005242044457418e+00
6.199788016941565338e-02 1.863894599537218699e+00
3.814334939745966935e-02 1.661423642119487898e+00
2.502663387064554268e-01 2.295052782258764523e+00
2.391062287957458343e-01 2.211874017961892314e+00
6.557691522389569316e-01 3.679120038887267352e+00
9.608636984080428656e-01 3.214325346789586924e+00
7.878792670518515173e-01 4.114573950600456165e+00
6.276797870438882709e-01 3.588096381790579326e+00
1.472766330532953027e-01 2.077820776162600858e+00
1.093577112280167407e-01 1.990113629066005974e+00
9.779070786165221518e-01 2.770034064199316859e+00
2.108512603550711795e-01 2.149527106777290086e+00
9.554382111397158317e-01 3.224784677213770934e+00
3.301745539047340472e-02 1.734570948359820841e+00
5.236967077186215347e-01 2.878641698908324553e+00
3.273122618389870953e-01 2.492964225258609279e+00
1.404662937582140669e-01 2.078309422999349287e+00
5.634695959035498358e-01 3.204248093549518117e+00
9.926008477258591034e-01 2.534832229507450574e+00
6.710853580386316741e-01 3.756237009227834989e+00
7.614841786370726284e-01 4.117901354965280980e+00
7.221159010435274084e-01 3.781147067387855554e+00
9.472307211691766149e-01 3.317217208360498493e+00
8.269692106868073989e-01 4.026613827118684874e+00
5.937555651805499490e-01 3.426761192192086636e+00
3.227107188809542615e-01 2.154320658710467740e+00
6.794800893076515802e-01 3.760027586477113992e+00
9.844825711833548043e-01 2.717857260865917723e+00
8.152261613719296030e-01 4.140784271724248455e+00
1.273866893233243092e-01 1.909236977338908847e+00
6.826666750056934463e-01 3.827893197614868015e+00
2.226759742286265054e-01 2.193720941458541240e+00
2.571209536785522554e-01 2.249324746987054535e+00
1.055113128714117998e-01 1.894038257476807541e+00
2.275582870676567948e-01 2.233705038924259423e+00
1.292743501576283371e-01 1.992982097244782480e+00
9.952071500277215321e-03 1.815954874676931841e+00
1.757953929044260288e-01 2.142190950982678199e+00
5.948639993195103948e-01 3.378438264015088954e+00
3.878456212170191542e-01 2.598768276955687906e+00
7.657925041400193145e-02 1.944240466949785473e+00
9.098241452734353585e-01 3.855413573761079515e+00
4.242945959915749299e-01 2.737681499233100002e+00
4.336161733411107999e-01 2.802811720139219531e+00
8.888586314003252831e-01 3.984660922218720369e+00
2.337266155457899952e-01 2.093861448035822193e+00
9.304792372942292111e-01 3.656601995645724301e+00
8.421075365333779983e-01 4.181435980225065130e+00
2.667323051323371441e-01 2.131481972011700421e+00
2.528249879724820959e-01 2.269329877101172954e+00
9.073040101629227250e-01 3.796608328053068249e+00
8.189997128037812546e-01 3.987265897965798445e+00
2.767975523474337507e-01 2.349032602601674569e+00
5.763148269303222104e-01 3.265912677340499837e+00
9.802666362102756548e-01 2.678017234465085217e+00
9.366312543458821249e-02 1.899754882256981858e+00
4.929184641596243699e-01 2.944100987509108869e+00
7.094303695165590229e-01 3.808120225308908591e+00
6.746480138021879736e-01 3.684311867957684061e+00
7.928021090239842916e-01 4.191418812485382617e+00
7.745415486151174811e-02 1.932280299115301858e+00
3.282532858375313278e-01 2.298025297424501456e+00
3.079766069703732123e-01 2.415961853887277577e+00
3.242843684222900258e-01 2.481814259641627274e+00
1.374705098812458726e-01 2.053485863327582539e+00
5.992066747145042838e-01 3.388091890616481194e+00
3.369912531143579582e-01 2.418082994396036245e+00
6.798764327076954883e-01 3.755133360330658920e+00
3.358084396578556730e-01 2.487058539371578281e+00
6.480476394646034199e-01 3.549037828511067527e+00
2.253132970220061981e-02 1.796465401826786490e+00
3.958777035915050924e-02 1.818733538419882834e+00
8.919676768419452229e-01 4.014460358293247211e+00
7.050960233655728659e-01 3.840122577649340396e+00
5.647245707564165773e-01 3.306158407040138414e+00
6.842093515908034274e-01 3.806131447757104436e+00
5.505520617027837016e-02 1.815042778907463017e+00
9.637231868762370368e-01 3.182104272580366988e+00
2.678546276755728872e-01 2.137076414392633517e+00
4.960612522025675819e-01 3.038502761405278640e+00
6.048221702628990837e-01 3.381367440103272948e+00
6.590157285089697226e-01 3.663256654174885441e+00
4.413037600093170365e-01 2.782088486916363568e+00
1.596814178541620111e-01 2.029383441733900728e+00
7.439347854766114043e-01 4.049135815915471781e+00
5.653494363504942832e-01 3.218822949566858327e+00
3.729396457929551323e-01 2.608461954256761750e+00
9.081986275812428122e-01 3.894174699177867627e+00
3.610620295145033909e-01 2.499178674438850223e+00
8.936014530972664627e-01 3.999794333661667256e+00
3.424404882495620805e-01 2.514123384916595594e+00
3.291670363643002251e-01 2.464780401832123324e+00
9.299930041016124527e-01 3.691926878185370242e+00
9.038264189131413051e-01 3.931180644257039170e+00
9.820550604726204780e-01 2.807034372835685243e+00
9.581414742711482635e-01 3.299578837560757538e+00
5.012830539112200778e-02 1.887471680632856863e+00
4.740829495738677624e-01 2.942608872147801424e+00
8.380682523736636691e-01 4.128117954926874944e+00
3.659894312013002304e-01 2.571271116804723977e+00
5.134210396370246787e-01 3.107035063053710466e+00
4.256769029021937323e-01 2.754626877027235299e+00
5.107900004692088602e-01 3.043674758808800451e+00
4.082655350246190418e-01 2.687191737603605191e+00
5.404453697717512828e-01 3.142460006919582938e+00
5.793543289385011397e-01 3.222990329959232625e+00
9.889936542177379941e-02 1.827881727257874900e+00
2.864434054109938899e-01 2.283182578368042392e+00
2.681828770754397517e-01 2.302971673686958987e+00
1.865242823511699122e-01 2.043578665313378728e+00
1.054290539835519569e-01 1.959036389256981980e+00
9.819593384142843995e-01 2.782929162480597629e+00
9.756105255886088345e-01 2.882198966960260123e+00
8.339694624195340689e-01 4.213541537021819217e+00
3.384627162545830181e-01 2.388311708176027004e+00
4.311865222539132958e-01 2.724038396411306628e+00
4.129952355774193506e-01 2.656679389821182014e+00
8.248249969421557193e-01 4.203609314676366004e+00
9.420306843773632588e-01 3.541690178793310828e+00
7.173062415819086990e-02 1.872975885698711762e+00
2.757068165261865600e-01 2.360321896249827578e+00
9.873998512747298451e-01 2.611137330801288847e+00
2.360068145279319296e-01 2.237017900570533069e+00
6.558733762744304308e-01 3.540635369205393790e+00
1.600517917045881644e-01 2.045640264963577870e+00
5.874480847644815151e-01 3.321336642770970737e+00
3.083152326366433993e-01 2.384492466500130803e+00
3.620844029651743012e-01 2.330404110654481276e+00
1.142155136532152504e-01 1.793159577255049042e+00
4.573622052214080247e-01 2.691460658610754120e+00
8.843808134719055580e-01 4.066662465869542054e+00
6.293265506453175062e-01 3.575604756781092686e+00
9.792831609005578919e-01 2.855347391749843311e+00
7.892601830741794444e-01 4.079685732955484312e+00
5.417556289712465167e-01 3.195539014802518452e+00
3.375320765541933721e-02 1.848041188459154327e+00
4.027051834820800646e-01 2.624483976062632173e+00
3.931989733141768584e-01 2.634231610170587601e+00
4.526022563732933213e-01 2.878210642102442485e+00
4.180095315883951557e-01 2.745052469887127256e+00
1.709080538822304041e-01 2.088744724958320198e+00
4.190839823658099039e-02 1.907091879852594651e+00
8.345868364134552131e-01 4.157672984224054069e+00
7.048299139566981397e-01 3.630190375168644401e+00
2.535619650618378129e-01 2.301476334493026243e+00
2.464301109703945780e-01 2.234201759317914870e+00
1.465468109549915576e-01 1.895221936175468080e+00
4.298293515640161377e-02 1.931427584135366970e+00
1.055541298582500787e-01 2.027442919325638471e+00
5.798487175569719820e-01 3.120024106804425656e+00
6.067050893231681341e-01 3.462592703781702141e+00
5.937603113252433173e-01 3.324115651866593080e+00
2.593594027648274958e-01 2.159803043784880749e+00
4.202057536677095140e-01 2.758136514622417934e+00
7.399489134143638625e-01 3.943062916708859333e+00
7.415926490609311417e-01 3.955342569274452824e+00
3.515755603237318283e-01 2.411829358610963148e+00
7.027126522761837357e-01 3.911148614015695024e+00
7.327313362246266060e-01 3.957195296313276600e+00
2.393242289675907575e-01 2.041453942941425126e+00
6.485096869720275992e-01 3.543180431732379176e+00
1.099517970810125478e-01 1.957258178188637787e+00
1.426647241596116222e-01 2.061531182795557360e+00
8.133921068963656520e-02 1.829402564414235322e+00
5.057141649674745665e-02 1.931679593784829674e+00
1.203461867105822813e-01 2.025715126762036800e+00
1.276291998610189493e-01 2.028756820479687750e+00
8.125223271946775405e-01 4.183188726909289556e+00
2.133934273438405915e-01 2.222478670197692185e+00
8.834180898026189332e-01 3.930145723836848681e+00
2.600809889634112526e-01 2.255242129656285677e+00
7.067876027024377894e-01 3.758488179442580623e+00
2.560171987059833842e-01 2.261976874043987173e+00
2.197314308519303649e-01 2.223806314975942833e+00
6.399226174668573019e-01 3.551137815209426840e+00
9.156816338268192190e-02 1.638762606543209266e+00
9.038821426679538584e-01 3.934723033752575816e+00
9.403123499078378522e-01 3.497989445934025277e+00
9.996376485567188830e-01 2.339827577111284196e+00
7.616872756566316349e-01 3.967536129028975012e+00
1.412916588592092459e-01 1.827253339701488732e+00
1.881606403031673702e-01 2.089576033937068367e+00
2.687392722885941776e-01 2.335017434159340599e+00
9.704736934036916063e-01 3.015244764663433941e+00
6.290322634605178820e-01 3.544698252969749053e+00
5.836901105260066114e-01 3.337408107253483802e+00
9.693360839285392050e-01 3.075755745248132556e+00
7.446625426063995246e-01 4.047189827367831505e+00
8.152058610169723440e-01 4.192542719367167159e+00
9.684158204523802826e-01 3.084383220781981017e+00
9.951413447631911602e-01 2.442338756355541207e+00
5.968743894324188837e-01 3.419248093270577993e+00
5.109241409889456742e-01 3.085192045808638817e+00
2.630729364756345667e-01 2.329196526561411851e+00
9.086460073245157254e-01 3.829362738756932671e+00
5.738377170378052838e-01 3.340222481790897646e+00
1.643452994838906500e-01 1.983080474893450296e+00
5.201999811950632768e-01 3.006815324217644747e+00
6.871867526488939504e-01 3.839896539620377247e+00
6.981855231122090499e-01 3.856735054259955220e+00
3.547837723789197817e-01 2.233596526998050891e+00
7.044076031379152836e-01 3.665643157972312771e+00
9.852762224416313774e-01 2.729629532811362669e+00
1.205832997686862029e-01 1.992100209169066938e+00
5.048694395118074052e-01 2.821889869464409450e+00
1.576270355767285247e-01 1.904092859318146536e+00
5.384951077314815704e-01 3.183393702281271054e+00
4.782404552304651002e-01 2.955300944990301826e+00
4.707268882321010706e-01 2.848085975793202440e+00
9.907657283326798403e-02 2.002058054610515114e+00
8.336293121347593260e-01 4.191952458609860876e+00
1.680977771070004678e-01 2.132397915762672902e+00
9.761139221055900039e-01 2.904869040705659433e+00
5.351684624392822887e-01 3.088041587985483005e+00
7.797889696755420097e-01 4.031321074117299119e+00
7.948858757030565769e-01 4.161398002529607787e+00
2.186141330633508684e-01 2.213315906241916320e+00
5.661634445106425995e-01 3.306413043749578229e+00
1.503930365217859277e-01 2.023904823758270410e+00
8.826438294048788435e-01 4.072695839694386422e+00
4.501391903840945563e-01 2.856628918275883944e+00
9.608640180364970140e-01 3.241242728201435330e+00
5.154605379769727769e-02 1.838590989356849281e+00
2.269075962589556239e-01 2.209990900853856743e+00
2.477873492726717641e-01 2.193503009001666726e+00
4.500279796088035855e-01 2.801657667124899387e+00
3.826048245548046012e-01 2.628299626750560947e+00
8.783593292811859854e-01 4.053130202630319090e+00
5.682573972463078604e-04 1.789788701507268431e+00
5.574605801006387029e-01 3.288581817108958028e+00
2.296288855860607603e-01 2.250369233995169083e+00
9.634557419838772896e-01 3.178774777067751689e+00
9.715701937685112810e-01 2.887567346635738552e+00
7.548526084512853229e-01 3.873239900329772389e+00
4.834297849735699204e-01 2.919485544123523457e+00
5.735855318449304407e-01 3.337200069343813968e+00
8.497627486391803320e-01 4.185596156064473661e+00
1.813354212328165405e-01 2.146032917637081816e+00
4.629475659705866164e-01 2.906214691663690619e+00
1.732984716343635156e-01 2.026917732917609793e+00
4.647418982369300178e-01 2.899390194294290790e+00
8.319222117370040914e-01 4.060841712880645993e+00
5.778683395188918270e-01 3.313097127368545447e+00
4.652828632469290238e-01 2.867201310996361663e+00
3.232622868325609744e-01 2.423223119628067135e+00
1.249403980824789206e-01 1.978877752336792195e+00
9.658729209414851358e-01 3.154553684469306507e+00
8.087535558142080472e-01 4.056678846352595791e+00
6.790199070833616846e-01 3.752295585624915386e+00
3.667425990325179352e-01 2.502806715680811145e+00
4.481483010689439883e-01 2.770833026916682762e+00
9.810510172809217000e-01 2.759570291563480104e+00
4.088025729128470509e-01 2.411638517810682281e+00
1.798015201431968357e-01 1.933001788744788563e+00
7.355932489200425195e-01 3.815387775426747563e+00
1.018593112101094933e-01 1.944397654083550808e+00
7.844911368208548064e-01 4.067720653635111816e+00
6.174429072202568536e-01 3.451914818866012702e+00
1.649885129810740869e-01 2.114586521430513066e+00
6.729208992137964973e-01 3.743764531257128603e+00
2.655269704937606168e-01 2.322511174702442283e+00
7.586190349948784828e-01 4.053606173540521773e+00
4.702124555846959320e-01 2.846467816588846400e+00
2.036519835984154092e-01 2.185917730640936085e+00
7.404549361296349774e-01 3.853841263510513038e+00
9.020493435981890018e-01 3.828775842473326030e+00
3.416114176665406843e-01 2.445977066365822683e+00
5.065581878749858546e-01 3.011468467024847051e+00
7.157968890366115389e-01 3.829620514480967408e+00
6.013350186712009826e-01 3.264509537239165482e+00
4.096896760487216405e-01 2.501352182471820118e+00
4.620315575034541489e-01 2.819773315366715050e+00
7.582113949089834826e-01 3.962406993880730699e+00
3.312473247782837804e-01 2.444414484775595753e+00
1.530630349658943512e-01 1.948367811486784174e+00
7.347013424116936031e-01 4.033227902283805122e+00
6.540094789172283818e-01 3.698519632456486406e+00
5.065778817639116083e-01 3.028013894303609010e+00
2.954507710762814821e-01 2.386632366554829687e+00
4.227222581104672638e-01 2.716116423294853810e+00
4.410618348621091478e-01 2.827195440114789626e+00
2.848187637432073593e-01 2.364326146762189218e+00
9.418243477429640853e-01 3.529086182292879847e+00
2.974886211410020520e-01 2.360476809599016956e+00
4.378727916437016310e-01 2.744634995986561687e+00
7.057371688674203281e-01 3.834671493718375679e+00
4.850724506366163036e-01 2.962373914644043538e+00
9.514143108754423706e-01 3.390108569605704503e+00
5.721584116394474728e-01 3.280995298230562351e+00
8.244400597094120320e-01 4.145402991551758731e+00
9.278995178493077978e-01 3.609091915574755838e+00
5.655613848817430123e-01 3.273316508483425924e+00
4.984485838284092862e-01 2.977492352046694712e+00
5.155936061234820400e-01 2.982789032607326085e+00
6.526509088580594309e-01 3.619835746043205571e+00
8.121223174376052123e-01 4.118532585556113901e+00
2.592998014780912852e-01 2.237987549724225644e+00
1.021983498130565327e-01 2.012442281083404616e+00
1.871226687047728987e-01 1.967818306959629115e+00
4.987563278117242982e-01 2.991146814025384515e+00
5.377083161612324913e-01 3.151505580317009780e+00
1.974522611794681248e-01 2.049835834144109192e+00
7.594514965455493316e-01 3.837595563060764547e+00
6.535445076250974150e-01 3.680984019657171480e+00
3.070004344902639293e-01 2.339891562713432016e+00
1.739310703700467364e-01 2.120187622087932322e+00
2.696542368738715778e-01 2.142550797141986152e+00
3.812390222576329535e-01 2.472476016545521293e+00
1.988188551976769469e-01 2.098481684116073609e+00
7.816491553390373381e-01 3.952810892126266129e+00
9.197590121893233217e-01 3.630603565722578807e+00
6.526923681264941157e-01 3.618341922407497968e+00
8.213992368530288468e-01 3.952149728794013495e+00
2.460210894514075486e-01 2.269256676986602717e+00
6.864284472821485794e-01 3.744754878428065759e+00
4.190737568650680922e-01 2.733662732365277570e+00
8.263989136418082859e-01 4.202204510571863949e+00
6.430839574698139494e-01 3.638481713832544262e+00
4.781499963482140902e-01 2.808918794281470177e+00
6.951302054460731794e-01 3.805848450116962933e+00
8.976853179958583784e-01 3.989259827221514954e+00
8.338212484911273759e-01 4.202862726282231343e+00
7.989165452137477752e-01 4.189605785614443967e+00
6.086016567134657773e-01 3.503046780487079292e+00
4.975254948433864843e-01 3.041215261132627301e+00
8.734985572737679060e-01 4.100122909847010000e+00
2.634060945067010495e-01 2.331559488896890464e+00
3.489333506296918852e-01 2.347169921141326387e+00
4.817177964597670892e-01 2.967894546611530959e+00
5.850751611186743029e-01 3.363930480411006396e+00
9.144401368736484459e-01 3.847912338663481702e+00
6.458768217567439907e-01 3.590552336814970324e+00
1.532777226517123559e-01 2.059766103610573218e+00
9.600019510701597314e-01 3.242679826467101734e+00
1.692516524802349931e-01 2.073596308742452266e+00
7.973143722614974838e-01 4.119532120294553401e+00
1.094097185368703151e-02 1.731513766636252560e+00
7.443288771641602963e-01 4.051582302735051044e+00
3.605364334606484533e-01 2.542102904453172663e+00
2.134485496891743717e-01 2.219557986299904861e+00
3.867324659011148746e-01 2.451435057510000792e+00
8.649551326435468424e-01 4.059968625480458115e+00
2.794585650193441850e-01 2.341336154758117072e+00
6.279467992611389437e-01 3.588289605057816800e+00
5.293699833821935430e-01 3.130261396769957294e+00
9.996510399727551732e-01 2.371676322455759767e+00
4.757383199710686350e-01 2.939928345936065224e+00
6.071260449377583468e-01 3.420183697528654143e+00
5.437338343450754952e-01 3.212712366193462010e+00
3.410430639886306015e-01 2.465256745992851606e+00
2.758157124158721052e-01 2.298473683560584124e+00
4.591518344656280171e-01 2.900557596769260282e+00
9.543277040123273602e-01 3.231487061774879432e+00
9.343387458143632696e-01 3.637602332888776324e+00
7.218353485371731271e-01 3.854920902038836861e+00
6.529333745711793924e-01 3.691735124887425723e+00
9.851851473248013358e-01 2.631965379137902961e+00
3.324619794404370943e-02 1.850145005832949385e+00
7.941830786475889692e-01 4.128243553262829657e+00
7.035925390980771743e-01 3.803380219834254117e+00
1.689494275014532532e-01 2.056417263720592636e+00
9.598322162113609446e-01 3.246581357457693162e+00
6.841028321733688689e-02 1.910813147241233745e+00
6.624461193315881458e-01 3.700061130677435806e+00
5.118337532772555543e-01 2.925369244155138215e+00
4.518503310039978516e-01 2.665545975049485872e+00
4.258266617912440655e-01 2.720292127885917122e+00
2.154154934381873332e-01 2.220970799492490322e+00
3.222955038789079296e-01 2.393673719670741828e+00
5.793877348893839985e-01 3.369335027229413360e+00
2.928181844789820021e-01 2.353030523007324071e+00
8.673870899498004050e-02 1.877220363421065574e+00
7.019767093456829032e-01 3.779913844803473033e+00
2.644679118039994226e-01 2.312281163239513049e+00
6.137324014411241757e-01 3.509148871357958388e+00
9.683119630113224963e-01 3.027190637427727093e+00
7.019292605939705387e-01 3.814236588867717881e+00
6.274884815369181634e-01 3.532105975709223689e+00
8.466611510123609463e-01 4.117712759984684112e+00
4.408189034008443974e-01 2.736460598765056762e+00
4.616268324392706068e-01 2.772874786541156933e+00
6.233614935970954729e-02 1.853072471408563127e+00
6.254374942765009715e-01 3.582065529934254755e+00
5.678280941251331315e-01 3.275737642208311762e+00
4.525132478165078131e-01 2.870239280213823463e+00
1.867308156874225578e-02 1.802875264029322189e+00
5.026708829880285334e-01 3.011537186068546923e+00
4.690426964610833194e-01 2.916948871823087597e+00
5.541822060842638287e-03 1.740522631326260949e+00
6.199295335409973351e-01 3.510771497487911397e+00
9.671237101417410331e-01 3.130504745319012017e+00
4.978455528858333201e-01 2.966977664287075100e+00
6.644982488921540309e-01 3.686368451030481275e+00
9.230938097377663354e-01 3.730177485338665999e+00
6.482667875617529329e-01 3.480165287396432383e+00
9.156180440201548976e-01 3.717925249574862701e+00
7.160299311560520685e-01 3.913278297829758223e+00
4.178528323051929894e-01 2.747242951185778992e+00
1.031621321326461338e-01 2.013738893973290978e+00
4.613973138933804563e-01 2.844057661965549322e+00
6.116611349147847987e-01 3.504486376417815130e+00
4.330809577604959326e-01 2.731215272144531525e+00
8.521915071393133534e-01 4.178003944137421044e+00
8.664055163126381798e-01 4.137928246597417647e+00
1.174298370975757067e-01 1.794094241246984023e+00
6.890143818917333629e-01 3.640489567406185678e+00
1.169164230200548937e-01 1.811426692757408974e+00
6.963177996999910802e-01 3.737698254419314914e+00
7.479486702691069411e-01 4.082297695128063175e+00
3.394412725290296695e-01 2.478856458063722901e+00
2.911029480547752124e-01 2.374628489543558985e+00
2.917155355163640884e-01 2.261592507379799333e+00
4.470844685720167799e-01 2.858350302388776853e+00
4.517911880237698297e-01 2.826933471998615222e+00
2.281840212981922633e-01 2.175954791028098523e+00
7.638190475256362300e-01 4.104537147328124469e+00
9.122075142280078319e-01 3.833007616004514340e+00
2.472402730763818557e-01 2.271004781947489892e+00
2.754779525518317174e-01 2.284893024499621283e+00
4.444622728110969589e-01 2.815413064323712078e+00
6.535150996004717161e-01 3.706917300391546544e+00
8.713759603837685219e-01 4.035852139134318506e+00
1.084046961867383141e-01 2.002870090087288890e+00
2.060517552102317795e-01 2.181157303298108641e+00
5.709651747916300035e-01 3.186126136254238350e+00
9.304291898147428741e-01 3.675303151464872187e+00
8.013753112884651753e-01 4.117593619009376482e+00
1.008293357706377957e-01 2.013962722711919007e+00
7.620634382403961293e-01 4.088138733987880968e+00
6.583467490141337031e-02 1.953958249799817359e+00
2.500705511354588406e-01 2.252525778878453622e+00
1.212692278528714196e-01 1.812434435118455589e+00
9.677350209868265107e-01 2.946721626432060592e+00
5.670231561250361763e-01 3.311701970104502291e+00
1.176211823895971786e-01 1.911686789983108037e+00
8.670516987692513666e-01 4.082990765651271836e+00
4.717244018290704943e-01 2.713800432408867813e+00
3.456392483021930584e-01 2.527259093391874600e+00
9.163501957861193148e-01 3.768712615401652144e+00
8.598762014341371218e-01 4.154790242358845198e+00
4.193877899240390228e-01 2.621509520708384500e+00
2.668933695418673757e-01 2.238340866558440556e+00
3.883836740692602207e-01 2.627489183990099342e+00
6.405933666957227546e-01 3.570139983088591595e+00
5.991428127858162700e-01 3.293270267038577614e+00
6.040615586835796913e-01 3.460508701574841250e+00
3.740628778297604429e-01 2.579781887117846839e+00
6.437054474946659610e-01 3.533115997817598330e+00
2.205499017665091266e-03 1.837399926189682509e+00
6.237995513751708465e-01 3.494550508094687480e+00
1.221131675209730094e-01 1.970432955207657599e+00
6.088486862474790096e-01 3.494976053090673496e+00
5.992320318098472987e-01 3.395578926546402254e+00
2.880668082348504244e-01 2.340688811673039549e+00
9.447330031993560473e-01 3.469018468384786669e+00
4.747446686967771168e-02 1.854105481936641819e+00
2.645352343290763297e-01 2.247280424775174534e+00
9.585575364757258354e-01 3.078769598570548993e+00
7.260256393064086211e-01 3.841098000728359718e+00
2.727869238025331100e-01 2.194957983499121745e+00
1.068170412673739023e-01 1.907424123900160806e+00
3.299961551424854811e-01 2.498959330353544672e+00
7.601356098705119857e-01 4.035798119550320529e+00
6.528626246108976128e-01 3.657869685412200589e+00
7.671905099461221456e-01 4.088796338418719145e+00
7.704475996888728861e-01 4.059026395419186528e+00
1.221326479737860904e-01 1.881807322875954203e+00
4.133736719168072948e-01 2.676602293853526326e+00
9.558830302475029850e-02 1.982361504005282660e+00
5.054780569031886994e-01 2.986208204261848298e+00
6.350692942112757811e-01 3.367129998568695548e+00
4.162966743539141534e-01 2.698736082606234099e+00
8.310613271436596561e-01 4.199707292957258531e+00
4.847916677396376661e-01 2.946486035967348371e+00
5.591089479876217849e-01 3.265447810688900443e+00
6.661222417639537374e-01 3.723772755728900208e+00
8.689935038324437810e-01 4.123649920618145615e+00
5.567643990982916735e-01 3.227336171602743775e+00
7.045983996314191256e-01 3.887831759312396329e+00
1.683627640947640280e-01 2.114209101759294551e+00
4.914956508125335466e-01 2.955550168641771780e+00
3.364075102060318789e-01 2.442601985715457058e+00
5.905213382294582924e-02 1.939187829244972683e+00
5.698254521064991529e-01 3.315076276256539778e+00
7.774514853193589259e-01 3.984180343236176647e+00
8.400377670516373518e-01 4.151262582744312368e+00
6.998118015578247419e-02 1.818665112967077890e+00
2.424001071659519502e-01 2.184195209114324410e+00
8.934393247228603618e-01 3.998166182748034814e+00
7.726075451519252013e-01 4.113001062173307076e+00
5.994518951609504320e-01 3.463747589893648726e+00
3.764014891776694682e-01 2.588552488172601418e+00
6.494702755718727571e-01 3.514140306745479947e+00
5.318396630574837580e-01 3.182307437047039222e+00
6.644056601384399352e-01 3.632336538706811613e+00
5.810671008934487070e-02 1.900629659323756826e+00
3.672921806021050006e-01 2.503784255834499373e+00
1.580318974072491001e-01 2.016310810225085071e+00
1.434234017916341530e-01 2.084788985766778957e+00
1.475115553777475164e-01 2.054883673673321365e+00
2.317268063445584447e-01 2.236766956437176379e+00
7.327152585423978293e-01 4.020877019328087165e+00
3.430081081776288343e-01 2.471486281282770037e+00
3.988271966021258441e-01 2.622262877905408462e+00
6.638975474216792794e-01 3.553439266056544366e+00
9.228938639586350412e-01 3.627689002309995470e+00
2.396579495989340503e-01 1.996875020046926963e+00
1.048017948291293244e-01 1.966493924303856167e+00
4.595019140957057324e-02 1.865400262339949933e+00
5.473548891888546652e-02 1.845553485404089145e+00
7.611881898866353913e-01 3.991086935904728961e+00
6.887227218250914218e-01 3.820402375526980698e+00
5.553792754446266189e-01 3.259862365134147399e+00
8.098783749621741856e-01 4.196313722738295837e+00
4.950500482428513704e-01 2.930037781267394781e+00
4.420447970486581779e-01 2.824134029651613087e+00
6.332167663161955007e-01 3.467252043798136008e+00
3.566443711139681838e-01 2.496754081192100738e+00
3.695379252392931857e-01 2.535102891461351593e+00
6.284044240360346922e-01 3.520675204185026441e+00
1.741837969235399131e-01 2.090213180035473073e+00
9.453480742936571923e-01 3.440198848890947847e+00
5.919654474979995085e-01 3.377980127157638623e+00
4.884934674562549928e-01 2.966021125527023461e+00
3.579812323546727182e-02 1.881961735462974739e+00
9.840370187941783753e-01 2.534462326533507337e+00
7.366801843180993403e-01 4.020685635818616710e+00
4.979932023770838878e-02 1.828192022450634724e+00
2.135947690296240431e-01 2.062524324576890944e+00
7.818776943947547409e-01 4.166801419246047189e+00
7.570417019612291076e-01 3.945205893099576588e+00
2.585506159359350908e-01 2.275116950931103776e+00
3.771125455642603264e-01 2.510767833964854034e+00
6.070640542252705441e-01 3.418618996747077698e+00
1.352718351694981447e-02 1.835010468242630921e+00
4.426316212227578983e-01 2.567020883252385310e+00
1.299395504442638627e-01 2.039606186180794367e+00
5.454905005370040971e-01 3.153984671423095687e+00
1.145762257088256408e-01 2.024386031611229431e+00
2.811303828067184263e-01 2.260836008151327459e+00
8.632807714862531512e-01 4.138782512506868017e+00
2.331340467765695701e-01 2.263101099697839569e+00
2.572500311258869576e-01 2.160017001886126220e+00
2.234021537136291480e-01 2.192511748454106346e+00
5.781801504947604586e-01 3.275100953236427692e+00
8.954198304252025675e-02 1.980580347751863313e+00
6.865751585893253850e-01 3.846552603101921708e+00
2.455871564321788769e-01 2.214275666819487398e+00
9.023263772368046443e-01 3.848760638075401364e+00
9.303321442427993082e-01 3.618102525242678613e+00
9.973242407357379991e-01 2.421920534990452900e+00
4.415096378975934543e-01 2.688558426416929326e+00
7.067346706185088090e-01 3.904313431320688643e+00
6.958196754256887884e-01 3.834198435454120091e+00
7.151461855572022186e-01 3.922163943188040403e+00
2.151220699426926730e-01 2.185120737720598783e+00
7.307308800412201100e-01 3.976819602735051973e+00
5.891702972541424943e-01 3.368467361581839459e+00
5.087695385816630722e-01 2.973692736528438019e+00
1.917413642824680187e-01 2.109301466015822690e+00
7.416021126977451194e-01 3.948475322997225145e+00
5.814027898810469885e-03 1.615130283985496185e+00
1.773387759578393119e-01 2.124685182252964211e+00
6.720674942497260052e-01 3.674042625523929129e+00
2.594022992501887614e-01 2.257425008002152733e+00
4.553191956911140093e-01 2.610940126595504118e+00
1.853138822810174169e-01 2.001154879018617549e+00
9.415960105442627848e-01 3.426200895185782969e+00
1.431181220089962070e-01 2.078888073106549328e+00
5.742667612730312232e-01 3.242177623630927208e+00
5.560399905502124707e-01 3.150837535487217345e+00
4.397050308889841608e-01 2.828134815171767791e+00
4.929044842437585450e-01 2.718574604790908733e+00
7.887940992265856099e-01 4.100920147980137820e+00
4.688420799956048990e-01 2.931093075920501168e+00
5.955400995248626428e-01 3.428348958451906459e+00
2.117006600884665524e-01 2.195167693618618632e+00
2.241543308815745483e-01 2.223946556553682896e+00
3.836059670285221213e-01 2.531025553295661812e+00
1.639914200127604582e-01 2.106485023910928067e+00
7.119715951769127749e-01 3.782184438323442421e+00
4.763321847947525889e-01 2.934577787092775836e+00
8.127197273138468958e-01 4.176481492022308117e+00
3.024296712886527239e-01 2.262647311312578680e+00
1.390640246746439601e-01 2.083948843553665498e+00
6.117723325307737881e-01 3.321803070212731690e+00
9.492131206810415778e-01 3.391583684661978015e+00
8.617725129190796363e-01 4.125360993168197155e+00
8.243194910378824902e-01 4.187958050232956531e+00
7.550389058518170993e-01 3.976330557796404097e+00
8.157325297363134942e-01 4.190030148260755816e+00
9.937257334660727359e-01 2.494377462272108215e+00
2.500120403032772831e-01 2.138073166911197198e+00
4.805560357254126114e-01 2.971042639991636758e+00
2.123696059974924388e-01 2.149707294825235593e+00
8.555277613791979485e-01 4.179467173402446001e+00
1.979643660964532925e-01 2.169625393731499763e+00
5.332987550103590602e-01 3.160412326762191082e+00
6.996430638987338746e-01 3.854113018991044193e+00
3.179565083565302208e-01 2.435419144294830307e+00
6.462554680018186559e-01 3.670356101303818175e+00
8.269170469572695303e-01 4.124022625162373501e+00
7.611373967155780074e-01 4.075707789831473526e+00
6.834807116816185024e-01 3.738764516658829251e+00
2.754723751177511337e-01 2.177417311747527950e+00
7.459612516455826903e-01 4.035178288522433654e+00
4.679673868907913148e-01 2.846712243394684982e+00
6.152859550487882467e-01 3.380351573601076076e+00
4.100981885285660544e-01 2.632095558045270955e+00
2.940935345433270953e-02 1.847015503951208393e+00
8.297269223903290802e-01 4.101873989448225011e+00
3.512958204538535467e-01 2.544430062032050355e+00
7.402962743693463077e-01 3.957475420430075275e+00
6.450534348839043197e-01 3.644804906215347806e+00
6.140215894263804097e-01 3.475752401300295613e+00
6.026959889688819905e-01 3.471179661385685122e+00
5.726603867138050363e-01 3.295583889999709637e+00
4.844673818783103991e-01 2.977944757832898581e+00
7.424067769950563056e-01 4.030045207097741056e+00
1.895349852136497537e-01 2.106520563402428881e+00
4.025597188062487453e-01 2.714652783550520088e+00
4.654102522146507104e-01 2.880787112974132036e+00
3.934920644382878807e-01 2.587733248288481391e+00
9.377058381529209674e-01 3.604096265243383890e+00
5.676218690699920133e-01 3.281754138922421404e+00
9.111434533536907354e-01 3.818448798781050257e+00
7.230584475690757795e-01 3.729975703810781695e+00
5.247664153467396231e-01 2.970203592858957187e+00
4.791400118318751566e-01 2.972025502302592770e+00
3.723208892088281097e-02 1.910671967117509418e+00
8.733807008554296258e-01 3.999228095529200999e+00
2.258692840434709526e-01 2.235717793118120689e+00
5.864384823345611952e-01 3.388453798154824170e+00
1.248151038153457737e-01 2.020494772094867830e+00
7.486325034781672327e-01 4.074334482205070884e+00
7.660559695096147426e-01 4.115779427983317973e+00
7.206781514097455599e-01 3.899109913241293413e+00
5.534629021979771135e-01 3.252035172023060028e+00
4.264060853887210456e-01 2.666373930808510373e+00
4.235970682307603763e-01 2.713114420765912804e+00
3.189538222220158481e-01 2.417015045242097315e+00
3.451238835268299887e-02 1.848185738345834661e+00
8.501010051619911634e-01 4.121602384347865744e+00
7.116755995199344209e-01 3.890375048891235199e+00
3.786438612280993432e-01 2.584780345483104647e+00
5.469046163902030466e-01 3.190234040822136130e+00
9.586061495071991345e-01 3.288501433750542269e+00
1.915150498297948367e-01 2.124990572478128836e+00
4.989708144986553240e-01 2.767514842710195211e+00
8.588035034572067961e-01 4.028152498053394481e+00
5.757357447113868876e-01 3.297941830934768781e+00
3.296709651949268904e-01 2.495356442091147375e+00
4.181702680054034671e-01 2.722229959422763468e+00
7.397442223892487512e-01 3.990060759669156631e+00
7.686439962592863662e-01 3.890103486528924126e+00
6.303692568383366668e-01 3.460380419593651169e+00
9.603094831302775303e-01 3.244847683853630649e+00
6.110677067241072624e-01 3.453708457405359589e+00
6.737658417473036954e-01 3.602265257138038468e+00
6.931939958988084793e-01 3.799008032534603618e+00
8.303724255159229406e-01 4.123615083992507202e+00
4.930732680382077238e-02 1.923652578352675224e+00
5.178476560096156867e-02 1.900607458348767764e+00
3.753705087300898136e-01 2.532968985407008766e+00
9.928799661558743717e-01 2.510416922474573376e+00
2.787535863507157874e-01 2.200178381319107590e+00
7.494278657221514761e-01 3.934622228531751364e+00
8.978849193154115893e-01 3.942677501463751177e+00
7.828430233420458073e-02 1.620069585117970945e+00
7.247930782958389440e-01 3.929807494379980781e+00
7.373414119329223526e-01 4.048053720409076739e+00
7.906622016684650145e-02 1.907710156117919498e+00
6.986974282179594375e-01 3.883468044166087374e+00
1.335381312905959961e-01 2.002874266235142198e+00
3.534390618300066178e-01 2.453993404760923092e+00
5.495023006296483326e-01 3.149725730511675703e+00
8.864336720251135837e-01 4.005372195028416016e+00
2.996775099590592850e-01 2.365318122950200941e+00
2.260356323714837190e-01 2.191472924186421700e+00
8.002582929953118152e-01 4.062286770943698500e+00
7.896239727459375413e-02 1.939625919187286218e+00
9.652341690630072968e-02 1.967461388869619965e+00
9.137685126139758474e-01 3.850630791818560716e+00
6.282037229507471121e-01 3.226562031251238416e+00
6.949817104088968911e-01 3.717035223964704649e+00
4.020245786899729890e-01 2.648558955495300182e+00
6.626537534197152191e-02 1.871383455653643946e+00
1.149720651781217517e-01 1.988666639579086848e+00
9.244874046441253768e-01 3.673730721953235800e+00
9.244368680899619495e-01 3.606810103681652446e+00
9.064498482987004557e-01 3.905759818577086318e+00
3.835228309635021482e-01 2.594141001161953675e+00
9.374942441405512694e-01 3.598829809517011036e+00
8.127568412031875855e-01 4.178206795326923739e+00
5.845443813304509462e-01 3.295141622348742416e+00
8.338918355819112671e-01 4.100492300623071351e+00
8.216477791409622089e-01 4.169463619697563850e+00
9.777201700044806376e-01 2.747061972324725154e+00
8.604775423952470970e-01 4.131305281001612428e+00
1.530051635220668338e-01 2.084633189404078379e+00
4.680049180681211674e-03 1.816465346045822660e+00
8.116702302055568419e-01 3.999723511502776496e+00
3.151000157437179316e-01 2.209571395766033231e+00
3.824999143674139290e-01 2.450727621064046957e+00
7.191700493699081376e-01 3.728389955214207241e+00
2.675201244114310262e-01 2.130642691271281919e+00
5.847453983960584356e-01 3.395318880535257655e+00
2.810989720031115136e-01 2.320699173033550444e+00
9.234788578690326100e-01 3.744576429375231719e+00
3.360442613430686398e-01 2.466951024671937276e+00
1.493389813247414377e-01 2.064710571009235718e+00
9.792925481161204315e-01 2.865674220635908931e+00
3.186961709968877399e-01 2.469886051960894502e+00
8.031336274141664955e-01 4.020578697391724354e+00
2.160817780885428974e-01 2.120928752595150346e+00
3.480573617896680627e-01 2.416313231600799138e+00
3.116946123478392394e-02 1.861217312552481129e+00
4.403869564989854046e-01 2.799933166995857370e+00
1.886316000613239563e-01 2.143546420339387915e+00
6.092217636976275941e-01 3.479086556009960418e+00
4.819693873473240853e-02 1.860838935193213306e+00
1.378462074838253670e-01 1.926103249884035140e+00
1.301314093775551850e-02 1.840102494659925370e+00
2.127679117862663061e-01 2.135005968087373418e+00
5.337696555768508544e-01 3.160892489677359141e+00
3.062922499501865570e-01 2.376313024125957796e+00
6.182021928303005343e-01 3.499654498983171713e+00
5.093559335585496894e-01 3.032017498074724315e+00
7.233899202920881510e-01 3.938840146317322599e+00
3.946532444755074254e-01 2.685138984032712894e+00
5.493306013773261443e-01 3.222412086942029852e+00
4.119142673472399041e-01 2.597949672225492446e+00
7.363223053911490679e-01 3.975969097928911289e+00
3.252057908128704877e-01 2.474589395480437659e+00
9.122172593315888145e-01 3.843358312220610973e+00
3.140068564299901555e-01 2.451541101146323065e+00
2.525314632279818117e-02 1.716073003548072018e+00
1.292927943395196788e-01 2.008612624206830510e+00
6.935460721481426782e-01 3.866589178675113203e+00
2.357470882257142186e-01 2.252061878487514157e+00
4.109186246486729033e-01 2.618768034648176091e+00
9.263094800542268636e-01 3.638527903528123275e+00
2.807947153202926538e-01 2.298947950301409193e+00
8.681848246919077194e-01 4.073373082296015468e+00
1.324052357780500788e-01 2.056527754320709001e+00
4.786501797687103821e-02 1.900318183934307292e+00
2.220597171671313541e-01 2.092257066557539957e+00
3.532932849724723656e-02 1.912931177362559909e+00
1.420640295018715804e-02 1.730677930792716701e+00
7.434917104303443436e-01 4.014530089048857775e+00
6.492182760910429895e-01 3.674919849497861879e+00
3.477297069820107778e-01 2.489728799565715356e+00
3.025262508803391315e-01 2.292072156718033771e+00
6.792742067202012235e-01 3.798270253137336017e+00
2.404107426230476241e-01 2.281340785412762084e+00
2.426465662024801517e-02 1.876685833016771721e+00
3.101454817359635685e-01 2.374668120172152008e+00
9.634270718434526648e-01 3.157393100197424030e+00
9.878489554858731481e-01 2.656613184104664072e+00
2.911157295338484552e-01 2.340887668678025779e+00
7.487908835189782675e-02 1.964025629919287974e+00
2.697599281723793707e-01 2.339514198285482127e+00
